0.04745610 0.00774976 0.00671402
0.04764920 0.00771341 0.00711655
0.04681280 0.00784432 0.00536737
0.04676200 0.00784425 0.00525942
0.04669320 0.00784099 0.00511251
0.04656470 0.00761509 0.00478846
0.04654710 0.00758437 0.00474429
0.04642560 0.00718348 0.00439643
0.04639050 0.00706995 0.00429643
0.04628170 0.00607561 0.00384311
0.04621550 0.00549328 0.00357221
0.04615640 0.00421748 0.00316135
0.04608510 0.00276459 0.00268506
0.04608720 0.00186518 0.00248846
0.04608920 0.00000001 0.00207614
0.04511280 0.00000001 0.00000000
0.04412690 -0.00937947 0.00000000
0.04384990 0.00000001 -0.00244781
0.04289160 -0.00911689 -0.00244781
0.04219770 0.00000001 -0.00491998
0.04127570 -0.00877341 -0.00491998
0.04004640 0.00000001 -0.00727036
0.03917130 -0.00832612 -0.00727036
0.03759400 0.00000001 -0.00935283
0.03677240 -0.00781623 -0.00935283
0.03470190 0.00000001 -0.01102120
0.03394350 -0.00721491 -0.01102120
0.03159710 0.00000001 -0.01212940
0.03090660 -0.00656941 -0.01212940
0.03007520 0.00000000 -0.01253130
0.02941790 -0.00625298 -0.01253130
-0.03007520 -0.00000000 -0.01253130
0.02747510 -0.01223270 -0.01253130
0.02433130 -0.01767770 -0.01253130
0.02556270 -0.01857230 -0.01212940
0.02114260 -0.02348120 -0.01212940
0.02322010 -0.02578850 -0.01102120
0.01735090 -0.03005260 -0.01102120
0.01879700 -0.03255740 -0.00935283
0.01161720 -0.03575400 -0.00935283
0.01237500 -0.03808630 -0.00727036
0.00418599 -0.03982710 -0.00727036
0.00441088 -0.04196670 -0.00491998
-0.00441086 -0.04196670 -0.00491998
-0.00458356 -0.04360960 -0.00244781
-0.01355040 -0.04170360 -0.00244781
-0.01394060 -0.04290480 0.00000000
-0.02255640 -0.03906880 0.00000000
-0.02423000 -0.04196750 0.00711655
-0.03242610 -0.03601280 0.00711655
-0.03439810 -0.03820300 0.01608960
-0.04158920 -0.03021640 0.01608960
-0.04257980 -0.03093610 0.02506270
-0.04808130 -0.02140710 0.02506270
-0.04804260 -0.02139000 0.03132830
-0.05144010 -0.01093390 0.03132830
-0.05104560 -0.01085010 0.03759400
-0.05218600 -0.00000001 0.03759400
-0.05161280 -0.00000001 0.04385960
-0.05048480 0.01073100 0.04385960
-0.04869270 0.01035000 0.05909840
-0.04547670 0.02024760 0.05909840
-0.04427130 0.01971090 0.06807140
-0.03920560 0.02848470 0.06807140
-0.03823200 0.02777720 0.07518800
-0.03162130 0.03511900 0.07518800
-0.03097060 0.03439640 0.08010790
-0.02314240 0.04008400 0.08010790
-0.02286720 0.03960730 0.08245840
-0.01413270 0.04349610 0.08245840
-0.01394060 0.04290480 0.08454090
-0.00471555 0.04486570 0.08454090
-0.00463357 0.04408570 0.08620910
0.00463361 0.04408570 0.08620910
0.00454703 0.04326190 0.08731740
0.01344240 0.04137120 0.08731740
0.04796730 -0.00759167 0.00804594
0.04765020 -0.00770439 0.00711655
0.04816400 -0.00737481 0.00857568
0.04823080 -0.00730538 0.00875654
0.04844670 -0.00697134 0.00930723
0.04857840 -0.00677513 0.00964516
0.04872430 -0.00649031 0.00999840
0.04894150 -0.00607831 0.01052780
0.04903550 -0.00581452 0.01072940
0.04924640 -0.00523382 0.01118580
0.04941280 -0.00415068 0.01134560
0.04942930 -0.00404368 0.01136200
0.04972960 -0.00190935 0.01159290
0.04977710 -0.00157497 0.01163080
0.04992780 -0.00036631 0.01170300
0.04997390 0.00000001 0.01172580
0.04982320 0.00120740 0.01165350
0.04977710 0.00157497 0.01163080
0.04945740 0.00384624 0.01138410
0.04942930 0.00404368 0.01136200
0.04924640 0.00523383 0.01118580
0.04894160 0.00607831 0.01052780
0.04882810 0.00629836 0.01025280
0.04857840 0.00677513 0.00964518
0.04833400 0.00715033 0.00902094
0.04823080 0.00730538 0.00875654
0.04796730 0.00759167 0.00804593
0.04740100 0.01007540 0.00711655
0.04412690 0.00937949 0.00000000
0.04121250 0.01834900 0.00000000
0.04005890 0.01783530 -0.00244781
0.03547530 0.02577430 -0.00244781
0.03413870 0.02480330 -0.00491998
0.02823580 0.03135900 -0.00491998
0.02679620 0.02976030 -0.00727036
0.02002320 0.03468120 -0.00727036
0.01879700 0.03255740 -0.00935283
0.01161720 0.03575400 -0.00935283
0.01072350 0.03300340 -0.01102120
0.00362734 0.03451180 -0.01102120
0.00330281 0.03142410 -0.01212940
-0.00330278 0.03142410 -0.01212940
-0.00314370 0.02991040 -0.01253130
-0.00929372 0.02860330 -0.01253130
-0.01503760 0.02604590 -0.01253130
-0.02012420 0.02235030 -0.01253130
-0.01579850 0.02736390 -0.01212940
-0.02114260 0.02348130 -0.01212940
-0.01735090 0.03005260 -0.01102120
-0.02322010 0.02578850 -0.01102120
-0.01879700 0.03255740 -0.00935283
-0.02515530 0.02793780 -0.00935283
-0.02002320 0.03468120 -0.00727036
-0.02679620 0.02976030 -0.00727036
-0.02109890 0.03654440 -0.00491998
-0.02823580 0.03135910 -0.00491998
-0.02192490 0.03797510 -0.00244781
-0.02934120 0.03258680 -0.00244781
-0.02255640 0.03906880 0.00000000
-0.03018630 0.03352530 0.00000000
-0.02423000 0.04196750 0.00711655
-0.03242610 0.03601280 0.00711655
-0.02570350 0.04451990 0.01608960
-0.03439800 0.03820300 0.01608960
-0.02631580 0.04558030 0.02506270
-0.03521730 0.03911290 0.02506270
-0.02629460 0.04554360 0.03132830
-0.03518900 0.03908150 0.03132830
-0.02609300 0.04519450 0.03759400
-0.03491920 0.03878180 0.03759400
-0.02580640 0.04469800 0.04385960
-0.03453560 0.03835580 0.04385960
-0.02489020 0.04311110 0.05909840
-0.03330960 0.03699410 0.05909840
-0.02423050 0.04196840 0.06807140
-0.03242670 0.03601350 0.06807140
-0.02362860 0.04092610 0.07518800
0.04289160 0.00911690 -0.00244781
0.04127570 0.00877342 -0.00491998
0.03917130 0.00832613 -0.00727036
0.03677240 0.00781624 -0.00935283
0.03394350 0.00721492 -0.01102120
0.03090660 0.00656942 -0.01212940
0.02941790 0.00625298 -0.01253130
0.03854960 0.01716340 -0.00491998
0.03658420 0.01628830 -0.00727036
0.03434390 0.01529090 -0.00935283
0.03170180 0.01411450 -0.01102120
0.02886540 0.01285180 -0.01212940
0.02747510 0.01223270 -0.01253130
0.03239820 0.02353870 -0.00727036
0.03041420 0.02209720 -0.00935283
0.02807440 0.02039720 -0.01102120
0.02556270 0.01857230 -0.01212940
0.02433130 0.01767770 -0.01253130
0.02515530 0.02793770 -0.00935283
0.02322010 0.02578850 -0.01102120
0.02114260 0.02348130 -0.01212940
0.02012420 0.02235030 -0.01253130
0.01735090 0.03005260 -0.01102120
0.01579860 0.02736390 -0.01212940
0.01503760 0.02604590 -0.01253130
0.00976406 0.03005060 -0.01212940
0.00929375 0.02860330 -0.01253130
0.00314372 0.02991040 -0.01253130
0.04811370 0.00342184 0.06798750
0.04811790 0.00326328 0.06807140
0.04805230 0.00564566 0.06681570
0.04805890 0.00666204 0.06604360
0.04806240 0.00725281 0.06559800
0.04811380 0.00771449 0.06491880
0.04812000 0.00777247 0.06483460
0.04816000 0.00792777 0.06445140
0.04823970 0.00803867 0.06383010
0.04833160 0.00805421 0.06319490
0.04846530 0.00807880 0.06226780
0.04858910 0.00800370 0.06148010
0.04864810 0.00796909 0.06110340
0.04872710 0.00793278 0.06059260
0.04881270 0.00783783 0.06007770
0.04893230 0.00771650 0.05935110
0.04895780 0.00767023 0.05921080
0.04896680 0.00765480 0.05916040
0.04898020 0.00761482 0.05909840
0.04869270 0.01035000 0.05909840
0.05048480 0.01073090 0.04385960
0.04715060 0.02099290 0.04385960
0.04767430 0.02122590 0.03759400
0.04221940 0.03067420 0.03759400
0.04254560 0.03091120 0.03132830
0.03518910 0.03908150 0.03132830
0.03521740 0.03911290 0.02506270
0.02631580 0.04558030 0.02506270
0.02570350 0.04451990 0.01608960
0.01588570 0.04889110 0.01608960
0.01497490 0.04608820 0.00711655
0.00506546 0.04819450 0.00711655
0.00471558 0.04486570 0.00000000
-0.00471555 0.04486570 0.00000000
-0.00458353 0.04360960 -0.00244781
-0.01355040 0.04170380 -0.00244781
-0.01303980 0.04013250 -0.00491998
-0.01394060 0.04290480 0.00000000
-0.01497490 0.04608820 0.00711655
-0.01588560 0.04889110 0.01608960
-0.01626400 0.05005560 0.02506270
-0.01625090 0.05001540 0.03132830
-0.01612630 0.04963180 0.03759400
-0.01594910 0.04908660 0.04385960
-0.01538300 0.04734410 0.05909840
-0.01497520 0.04608910 0.06807140
-0.01460330 0.04494440 0.07518800
-0.01430280 0.04401960 0.08010790
-0.00506543 0.04819450 0.00711655
-0.00537348 0.05112560 0.01608960
-0.00550147 0.05234320 0.02506270
-0.00549704 0.05230110 0.03132830
-0.00545490 0.05190010 0.03759400
-0.00539498 0.05132990 0.04385960
-0.00520346 0.04950780 0.05909840
-0.00506553 0.04819550 0.06807140
-0.00493971 0.04699850 0.07518800
-0.00483807 0.04603130 0.08010790
-0.00478054 0.04548400 0.08245840
0.00537352 0.05112560 0.01608960
0.00550152 0.05234320 0.02506270
0.00549708 0.05230110 0.03132830
0.00545494 0.05190010 0.03759400
0.00539501 0.05132990 0.04385960
0.00520350 0.04950780 0.05909840
0.00506556 0.04819550 0.06807140
0.00493975 0.04699850 0.07518800
0.00483810 0.04603130 0.08010790
0.00478056 0.04548400 0.08245840
0.00471558 0.04486570 0.08454090
0.01626400 0.05005560 0.02506270
0.01625100 0.05001530 0.03132830
0.01612630 0.04963180 0.03759400
0.01594920 0.04908660 0.04385960
0.01538310 0.04734410 0.05909840
0.01497530 0.04608910 0.06807140
0.01460330 0.04494440 0.07518800
0.01430280 0.04401960 0.08010790
0.01413270 0.04349610 0.08245840
0.01394060 0.04290480 0.08454090
0.01369820 0.04215900 0.08620910
0.02629460 0.04554360 0.03132830
0.02609300 0.04519440 0.03759400
0.02580640 0.04469800 0.04385960
0.02489020 0.04311110 0.05909840
0.02423050 0.04196840 0.06807140
0.02362870 0.04092610 0.07518800
0.02314250 0.04008380 0.08010790
0.02286730 0.03960730 0.08245840
0.02255640 0.03906880 0.08454090
0.02216430 0.03838970 0.08620910
0.02175010 0.03767230 0.08731740
0.03491930 0.03878180 0.03759400
0.03453570 0.03835580 0.04385960
0.03330960 0.03699410 0.05909840
0.03242670 0.03601350 0.06807140
0.03162130 0.03511900 0.07518800
0.03097070 0.03439640 0.08010790
0.03060240 0.03398730 0.08245840
0.03018630 0.03352530 0.08454090
0.02966170 0.03294260 0.08620910
0.02910740 0.03232690 0.08731740
0.04175560 0.03033720 0.04385960
0.04027330 0.02926030 0.05909840
0.03920580 0.02848460 0.06807140
0.03823200 0.02777720 0.07518800
0.03744520 0.02720560 0.08010790
0.03700000 0.02688210 0.08245840
0.03649700 0.02651670 0.08454090
0.03586250 0.02605560 0.08620910
0.03519250 0.02556880 0.08731740
0.04547680 0.02024760 0.05909840
0.04427130 0.01971090 0.06807140
0.04317170 0.01922130 0.07518800
0.04228330 0.01882580 0.08010790
0.04178060 0.01860190 0.08245840
0.04121250 0.01834900 0.08454090
0.04049610 0.01803010 0.08620910
0.03973950 0.01769310 0.08731740
0.04740200 0.01007560 0.06807140
0.04622470 0.00982535 0.07518800
0.04527340 0.00962318 0.08010790
0.04473510 0.00950875 0.08245840
0.04412690 0.00937949 0.08454090
0.04335990 0.00921644 0.08620910
0.04254960 0.00904422 0.08731740
0.04828560 0.00000001 0.06910830
0.04725730 0.00000001 0.07518800
0.04628480 0.00000001 0.08010790
0.04527340 -0.00962316 0.08010790
0.04473510 -0.00950873 0.08245840
0.04178060 -0.01860190 0.08245840
0.04121250 -0.01834900 0.08454090
0.03649700 -0.02651670 0.08454090
0.03586250 -0.02605560 0.08620910
0.02966170 -0.03294260 0.08620910
0.02910740 -0.03232690 0.08731740
0.02175010 -0.03767230 0.08731740
0.04812610 -0.00284786 0.06828210
0.04811770 -0.00326614 0.06807140
0.04814140 -0.00252675 0.06839100
0.04821770 -0.00093587 0.06892830
0.04827770 -0.00010861 0.06908760
0.04622470 -0.00982534 0.07518800
0.04228330 -0.01882580 0.08010790
0.03700000 -0.02688210 0.08245840
0.03018630 -0.03352530 0.08454090
0.02216430 -0.03838970 0.08620910
0.01344240 -0.04137120 0.08731740
0.04812610 0.00284786 0.06828210
0.04821770 0.00093588 0.06892830
-0.04027320 0.02926030 0.05909840
-0.04175550 0.03033720 0.04385960
-0.04221930 0.03067420 0.03759400
-0.04254550 0.03091130 0.03132830
-0.04257980 0.03093610 0.02506270
-0.04158920 0.03021640 0.01608960
-0.03920490 0.02848410 0.00711655
-0.03649700 0.02651670 0.00000000
-0.03547520 0.02577430 -0.00244781
-0.03413870 0.02480330 -0.00491998
-0.03239820 0.02353870 -0.00727036
-0.03041420 0.02209720 -0.00935283
-0.02807430 0.02039720 -0.01102120
-0.02556270 0.01857240 -0.01212940
-0.02433130 0.01767780 -0.01253130
-0.04715050 0.02099290 0.04385960
-0.04767430 0.02122610 0.03759400
-0.04804260 0.02139010 0.03132830
-0.04808130 0.02140730 0.02506270
-0.04696280 0.02090930 0.01608960
-0.04427030 0.01971050 0.00711655
-0.04121250 0.01834910 0.00000000
-0.04005880 0.01783550 -0.00244781
-0.03854960 0.01716340 -0.00491998
-0.03658420 0.01628830 -0.00727036
-0.03434370 0.01529090 -0.00935283
-0.03170160 0.01411450 -0.01102120
-0.02886540 0.01285180 -0.01212940
-0.02747510 0.01223270 -0.01253130
-0.05104560 0.01085020 0.03759400
-0.05144000 0.01093400 0.03132830
-0.05148150 0.01094280 0.02506270
-0.05028370 0.01068820 0.01608960
-0.04740100 0.01007550 0.00711655
-0.04412690 0.00937956 0.00000000
-0.04289160 0.00911698 -0.00244781
-0.04127570 0.00877348 -0.00491998
-0.03917130 0.00832619 -0.00727036
-0.03677240 0.00781629 -0.00935283
-0.03394350 0.00721499 -0.01102120
-0.03090660 0.00656947 -0.01212940
-0.02941790 0.00625303 -0.01253130
-0.03159710 -0.00000000 -0.01212940
-0.02941790 -0.00625298 -0.01253130
-0.03090660 -0.00656942 -0.01212940
-0.02747510 -0.01223270 -0.01253130
-0.02886540 -0.01285180 -0.01212940
-0.02433130 -0.01767770 -0.01253130
-0.02556270 -0.01857230 -0.01212940
-0.02012420 -0.02235030 -0.01253130
-0.02114260 -0.02348130 -0.01212940
-0.01503760 -0.02604590 -0.01253130
-0.01579860 -0.02736390 -0.01212940
-0.00929375 -0.02860330 -0.01253130
-0.00976406 -0.03005060 -0.01212940
-0.00314371 -0.02991040 -0.01253130
-0.00330279 -0.03142410 -0.01212940
0.00314372 -0.02991040 -0.01253130
0.00330281 -0.03142410 -0.01212940
0.00929375 -0.02860330 -0.01253130
0.00976406 -0.03005060 -0.01212940
0.01503760 -0.02604590 -0.01253130
0.01579860 -0.02736390 -0.01212940
0.02012420 -0.02235030 -0.01253130
0.01072350 -0.03300340 -0.01102120
0.00392965 -0.03738810 -0.00935283
-0.00418599 -0.03982710 -0.00727036
-0.01303980 -0.04013250 -0.00491998
-0.02192490 -0.03797510 -0.00244781
-0.03018630 -0.03352530 0.00000000
-0.03920490 -0.02848410 0.00711655
-0.04696280 -0.02090910 0.01608960
-0.05148150 -0.01094270 0.02506270
-0.05258920 -0.00000001 0.03132830
0.00362733 -0.03451180 -0.01102120
-0.00392964 -0.03738810 -0.00935283
-0.01237500 -0.03808630 -0.00727036
-0.02109890 -0.03654440 -0.00491998
-0.02934120 -0.03258680 -0.00244781
-0.03649700 -0.02651670 0.00000000
-0.04427040 -0.01971040 0.00711655
-0.05028380 -0.01068820 0.01608960
-0.05263160 -0.00000001 0.02506270
-0.00362733 -0.03451180 -0.01102120
-0.01161720 -0.03575400 -0.00935283
-0.02002320 -0.03468120 -0.00727036
-0.02823580 -0.03135900 -0.00491998
-0.03547530 -0.02577430 -0.00244781
-0.04121250 -0.01834900 0.00000000
-0.04740100 -0.01007540 0.00711655
-0.05140710 -0.00000001 0.01608960
-0.01072350 -0.03300340 -0.01102120
-0.01879700 -0.03255740 -0.00935283
-0.02679620 -0.02976030 -0.00727036
-0.03413870 -0.02480330 -0.00491998
-0.04005890 -0.01783530 -0.00244781
-0.04412690 -0.00937949 0.00000000
-0.04846000 -0.00000001 0.00711655
-0.01735090 -0.03005260 -0.01102120
-0.02515530 -0.02793770 -0.00935283
-0.03239820 -0.02353870 -0.00727036
-0.03854960 -0.01716340 -0.00491998
-0.04289160 -0.00911690 -0.00244781
-0.04511280 -0.00000001 0.00000000
-0.02322010 -0.02578850 -0.01102120
-0.03041420 -0.02209720 -0.00935283
-0.03658420 -0.01628830 -0.00727036
-0.04127570 -0.00877342 -0.00491998
-0.04384990 -0.00000001 -0.00244781
-0.02807440 -0.02039720 -0.01102120
-0.03434390 -0.01529090 -0.00935283
-0.03917130 -0.00832612 -0.00727036
-0.04219770 -0.00000001 -0.00491998
-0.03170180 -0.01411450 -0.01102120
-0.03677240 -0.00781623 -0.00935283
-0.04004640 -0.00000001 -0.00727036
-0.03394350 -0.00721492 -0.01102120
-0.03759400 -0.00000001 -0.00935283
-0.03470190 -0.00000000 -0.01102120
0.04573450 0.00000001 0.08245840
0.04511280 0.00000001 0.08454090
0.04432860 0.00000001 0.08620910
0.04350020 0.00000001 0.08731740
0.04412690 -0.00937947 0.08454090
0.04335990 -0.00921643 0.08620910
0.04254960 -0.00904421 0.08731740
0.04049620 -0.01803010 0.08620910
0.03973950 -0.01769310 0.08731740
0.03519250 -0.02556880 0.08731740
-0.00454699 0.04326190 0.08731740
-0.01369820 0.04215900 0.08620910
-0.02255640 0.03906880 0.08454090
-0.03060230 0.03398730 0.08245840
-0.03744520 0.02720560 0.08010790
-0.04317170 0.01922130 0.07518800
-0.04740190 0.01007570 0.06807140
-0.04978050 -0.00000001 0.05909840
-0.05048480 -0.01073090 0.04385960
-0.04767430 -0.02122590 0.03759400
-0.04254560 -0.03091120 0.03132830
-0.03521740 -0.03911290 0.02506270
-0.02570360 -0.04451990 0.01608960
-0.01497490 -0.04608820 0.00711655
-0.00471556 -0.04486570 0.00000000
0.00458356 -0.04360960 -0.00244781
0.01303980 -0.04013250 -0.00491998
0.02002320 -0.03468120 -0.00727036
0.02515530 -0.02793770 -0.00935283
0.02807440 -0.02039720 -0.01102120
0.02886540 -0.01285180 -0.01212940
0.03170180 -0.01411450 -0.01102120
0.03434390 -0.01529090 -0.00935283
0.03658420 -0.01628830 -0.00727036
0.03854960 -0.01716340 -0.00491998
0.04005890 -0.01783530 -0.00244781
0.04121250 -0.01834900 0.00000000
0.04427040 -0.01971040 0.00711655
0.04740100 -0.01007540 0.00711655
0.04696280 -0.02090910 0.01608960
0.05028380 -0.01068810 0.01608960
0.04808130 -0.02140710 0.02506270
0.05148150 -0.01094270 0.02506270
0.04804270 -0.02139000 0.03132830
0.05144010 -0.01093390 0.03132830
0.04767430 -0.02122590 0.03759400
0.05104560 -0.01085010 0.03759400
0.04715060 -0.02099270 0.04385960
0.05048480 -0.01073090 0.04385960
0.04547680 -0.02024750 0.05909840
0.04869270 -0.01034990 0.05909840
0.04427130 -0.01971080 0.06807140
0.04740200 -0.01007560 0.06807140
0.04317170 -0.01922130 0.07518800
0.03041420 -0.02209720 -0.00935283
0.03239820 -0.02353870 -0.00727036
0.03413870 -0.02480330 -0.00491998
0.03547530 -0.02577430 -0.00244781
0.03649700 -0.02651670 0.00000000
0.03920490 -0.02848410 0.00711655
0.04158920 -0.03021640 0.01608960
0.04257980 -0.03093610 0.02506270
0.04254560 -0.03091120 0.03132830
0.04221940 -0.03067420 0.03759400
0.04175560 -0.03033720 0.04385960
0.04027330 -0.02926030 0.05909840
0.03920580 -0.02848460 0.06807140
0.03823200 -0.02777720 0.07518800
0.03744520 -0.02720550 0.08010790
0.02679620 -0.02976030 -0.00727036
0.02823580 -0.03135900 -0.00491998
0.02934120 -0.03258680 -0.00244781
0.03018630 -0.03352530 0.00000000
0.03242610 -0.03601280 0.00711655
0.03439810 -0.03820300 0.01608960
0.03521740 -0.03911290 0.02506270
0.03518910 -0.03908150 0.03132830
0.03491930 -0.03878170 0.03759400
0.03453570 -0.03835580 0.04385960
0.03330960 -0.03699410 0.05909840
0.03242670 -0.03601350 0.06807140
0.03162130 -0.03511900 0.07518800
0.03097070 -0.03439640 0.08010790
0.03060240 -0.03398730 0.08245840
0.02109890 -0.03654440 -0.00491998
0.02192490 -0.03797510 -0.00244781
0.02255640 -0.03906880 0.00000000
0.02423000 -0.04196750 0.00711655
0.02570360 -0.04451990 0.01608960
0.02631580 -0.04558030 0.02506270
0.02629460 -0.04554360 0.03132830
0.02609300 -0.04519440 0.03759400
0.02580640 -0.04469800 0.04385960
0.02489020 -0.04311110 0.05909840
0.02423050 -0.04196840 0.06807140
0.02362870 -0.04092610 0.07518800
0.02314250 -0.04008380 0.08010790
0.02286730 -0.03960730 0.08245840
0.02255640 -0.03906880 0.08454090
0.01355040 -0.04170360 -0.00244781
0.01394060 -0.04290480 0.00000000
0.01497490 -0.04608820 0.00711655
0.01588570 -0.04889110 0.01608960
0.01626400 -0.05005560 0.02506270
0.01625100 -0.05001530 0.03132830
0.01612630 -0.04963180 0.03759400
0.01594920 -0.04908660 0.04385960
0.01538310 -0.04734410 0.05909840
0.01497530 -0.04608910 0.06807140
0.01460340 -0.04494440 0.07518800
0.01430290 -0.04401960 0.08010790
0.01413270 -0.04349610 0.08245840
0.01394060 -0.04290480 0.08454090
0.01369820 -0.04215900 0.08620910
0.00471558 -0.04486570 0.00000000
0.00506545 -0.04819450 0.00711655
0.00537352 -0.05112560 0.01608960
0.00550150 -0.05234320 0.02506270
0.00549708 -0.05230110 0.03132830
0.00545492 -0.05190010 0.03759400
0.00539501 -0.05132990 0.04385960
0.00520348 -0.04950780 0.05909840
0.00506555 -0.04819550 0.06807140
0.00493974 -0.04699850 0.07518800
0.00483810 -0.04603130 0.08010790
0.00478056 -0.04548400 0.08245840
0.00471558 -0.04486570 0.08454090
0.00463361 -0.04408570 0.08620910
0.00454702 -0.04326190 0.08731740
-0.00506544 -0.04819450 0.00711655
-0.00537351 -0.05112560 0.01608960
-0.00550149 -0.05234320 0.02506270
-0.00549707 -0.05230110 0.03132830
-0.00545491 -0.05190010 0.03759400
-0.00539499 -0.05132990 0.04385960
-0.00520347 -0.04950780 0.05909840
-0.00506554 -0.04819550 0.06807140
-0.00493974 -0.04699850 0.07518800
-0.00483808 -0.04603130 0.08010790
-0.00478055 -0.04548400 0.08245840
-0.00471556 -0.04486570 0.08454090
-0.00463360 -0.04408570 0.08620910
-0.00454701 -0.04326190 0.08731740
-0.01588570 -0.04889110 0.01608960
-0.01626400 -0.05005560 0.02506270
-0.01625100 -0.05001530 0.03132830
-0.01612630 -0.04963180 0.03759400
-0.01594920 -0.04908660 0.04385960
-0.01538300 -0.04734410 0.05909840
-0.01497520 -0.04608910 0.06807140
-0.01460330 -0.04494440 0.07518800
-0.01430280 -0.04401960 0.08010790
-0.01413270 -0.04349610 0.08245840
-0.01394060 -0.04290480 0.08454090
-0.01369820 -0.04215900 0.08620910
-0.01344240 -0.04137120 0.08731740
-0.02631580 -0.04558030 0.02506270
-0.02629460 -0.04554360 0.03132830
-0.02609300 -0.04519440 0.03759400
-0.02580640 -0.04469800 0.04385960
-0.02489020 -0.04311110 0.05909840
-0.02423050 -0.04196840 0.06807140
-0.02362870 -0.04092610 0.07518800
-0.02314250 -0.04008380 0.08010790
-0.02286730 -0.03960730 0.08245840
-0.02255640 -0.03906880 0.08454090
-0.02216430 -0.03838970 0.08620910
-0.02175010 -0.03767230 0.08731740
-0.03518910 -0.03908150 0.03132830
-0.03491930 -0.03878180 0.03759400
-0.03453570 -0.03835580 0.04385960
-0.03330960 -0.03699410 0.05909840
-0.03242670 -0.03601350 0.06807140
-0.03162130 -0.03511900 0.07518800
-0.03097070 -0.03439640 0.08010790
-0.03060240 -0.03398730 0.08245840
-0.03018630 -0.03352530 0.08454090
-0.02966170 -0.03294260 0.08620910
-0.02910740 -0.03232690 0.08731740
-0.04221940 -0.03067420 0.03759400
-0.04175560 -0.03033720 0.04385960
-0.04027330 -0.02926030 0.05909840
-0.03920580 -0.02848460 0.06807140
-0.03823200 -0.02777720 0.07518800
-0.03744520 -0.02720560 0.08010790
-0.03700000 -0.02688210 0.08245840
-0.03649700 -0.02651670 0.08454090
-0.03586250 -0.02605560 0.08620910
-0.03519250 -0.02556880 0.08731740
-0.04715060 -0.02099290 0.04385960
-0.04547680 -0.02024760 0.05909840
-0.04427130 -0.01971090 0.06807140
-0.04317170 -0.01922130 0.07518800
-0.04228330 -0.01882580 0.08010790
-0.04178060 -0.01860190 0.08245840
-0.04121250 -0.01834900 0.08454090
-0.04049620 -0.01803010 0.08620910
-0.03973950 -0.01769310 0.08731740
-0.04869270 -0.01034990 0.05909840
-0.04740200 -0.01007560 0.06807140
-0.04622470 -0.00982535 0.07518800
-0.04527340 -0.00962317 0.08010790
-0.04473510 -0.00950875 0.08245840
-0.04412690 -0.00937949 0.08454090
-0.04335990 -0.00921644 0.08620910
-0.04254960 -0.00904421 0.08731740
-0.04846090 -0.00000001 0.06807140
-0.04725730 -0.00000001 0.07518800
-0.04628480 -0.00000001 0.08010790
-0.04573450 -0.00000001 0.08245840
-0.04511280 -0.00000001 0.08454090
-0.04432860 -0.00000001 0.08620910
-0.04350020 -0.00000001 0.08731740
-0.04622460 0.00982544 0.07518800
-0.04527340 0.00962326 0.08010790
-0.04473510 0.00950882 0.08245840
-0.04412690 0.00937956 0.08454090
-0.04335990 0.00921652 0.08620910
-0.04254960 0.00904429 0.08731740
0.04898010 -0.00761600 0.05909840
0.05003010 0.00000001 0.05702270
0.05161280 0.00000001 0.04385960
0.05218600 0.00000001 0.03759400
0.05104560 0.01085010 0.03759400
0.05144010 0.01093390 0.03132830
0.04804260 0.02139000 0.03132830
0.04808130 0.02140710 0.02506270
0.04257980 0.03093610 0.02506270
0.04158920 0.03021640 0.01608960
0.03439810 0.03820300 0.01608960
0.03242610 0.03601280 0.00711655
0.02423000 0.04196750 0.00711655
0.02255640 0.03906880 0.00000000
0.01394060 0.04290480 0.00000000
0.01355040 0.04170360 -0.00244781
0.00458357 0.04360960 -0.00244781
0.00441088 0.04196670 -0.00491998
-0.00441085 0.04196670 -0.00491998
-0.00418596 0.03982710 -0.00727036
-0.01237500 0.03808650 -0.00727036
-0.01161720 0.03575400 -0.00935283
0.05258920 0.00000001 0.03132830
0.05263160 0.00000001 0.02506270
0.05140710 0.00000001 0.01608960
0.05028380 0.01068820 0.01608960
0.04427040 0.01971040 0.00711655
0.03649700 0.02651670 0.00000000
0.02934120 0.03258680 -0.00244781
0.02109890 0.03654440 -0.00491998
0.01237500 0.03808630 -0.00727036
0.00392965 0.03738810 -0.00935283
-0.00362732 0.03451180 -0.01102120
-0.00976404 0.03005080 -0.01212940
-0.01072340 0.03300340 -0.01102120
-0.00392962 0.03738810 -0.00935283
0.00418600 0.03982710 -0.00727036
0.01303980 0.04013250 -0.00491998
0.02192490 0.03797510 -0.00244781
0.03018630 0.03352530 0.00000000
0.03920490 0.02848410 0.00711655
0.04696280 0.02090910 0.01608960
0.05148150 0.01094270 0.02506270
-0.04228330 0.01882580 0.08010790
-0.04178060 0.01860200 0.08245840
-0.04121250 0.01834910 0.08454090
-0.04049610 0.01803010 0.08620910
-0.03973950 0.01769320 0.08731740
-0.03700000 0.02688210 0.08245840
-0.03649700 0.02651670 0.08454090
-0.03586250 0.02605580 0.08620910
-0.03519240 0.02556880 0.08731740
-0.03018630 0.03352530 0.08454090
-0.02966150 0.03294260 0.08620910
-0.02910730 0.03232710 0.08731740
-0.02216430 0.03838970 0.08620910
-0.02175010 0.03767230 0.08731740
-0.01344220 0.04137120 0.08731740
0.04681280 -0.00784432 0.00536738
0.04669320 -0.00784099 0.00511251
0.04654710 -0.00758437 0.00474429
0.04652730 -0.00752024 0.00468787
0.04639050 -0.00706995 0.00429643
0.04634070 -0.00662999 0.00409227
0.04621550 -0.00549328 0.00357221
0.04614720 -0.00409004 0.00311338
0.04608510 -0.00276459 0.00268506
0.04608760 -0.00078238 0.00224742
0.04898180 -0.00760970 0.05908860
0.04907840 -0.00727451 0.05857860
0.04914200 -0.00699781 0.05829170
0.04921250 -0.00668835 0.05797610
0.04947270 -0.00518965 0.05712220
0.04949310 -0.00500579 0.05711290
0.04949650 -0.00497509 0.05711190
0.04983400 -0.00186529 0.05702290
0.04986680 -0.00155432 0.05702210
0.04999510 0.00033201 0.05702380
0.04983400 0.00186529 0.05702290
0.04980300 0.00214842 0.05703300
0.04949310 0.00500578 0.05711290
0.04949120 0.00502239 0.05711390
0.04947270 0.00518967 0.05712220
0.04928670 0.00625841 0.05773460
0.04921250 0.00668835 0.05797610
0.04914650 0.00697452 0.05827430
0.04907840 0.00727451 0.05857840
0.04904760 0.00737966 0.05874340
0.04807760 -0.00470908 0.06731280
0.04805230 -0.00564566 0.06681570
0.04805610 -0.00635248 0.06628380
0.04806240 -0.00725281 0.06559800
0.04807570 -0.00737662 0.06541870
0.04812000 -0.00777247 0.06483460
0.04812590 -0.00779634 0.06477710
0.04816000 -0.00792777 0.06445140
0.04821740 -0.00800779 0.06400390
0.04823970 -0.00803867 0.06383010
0.04836440 -0.00806343 0.06296500
0.04846530 -0.00807880 0.06226780
0.04852360 -0.00804614 0.06189540
0.04858910 -0.00800370 0.06148010
0.04872690 -0.00793278 0.06059260
0.04893230 -0.00771650 0.05935110
0.04896680 -0.00765480 0.05916040
0.05102390 0.00135524 0.01171370
0.05109960 0.00175439 0.01164530
0.05094820 0.00067762 0.01178220
0.05091380 0.00000000 0.01181340
0.05094820 -0.00067762 0.01178220
0.05102390 -0.00135524 0.01171370
0.05109960 -0.00175439 0.01164530
0.05115630 -0.00188945 0.01159400
0.04938230 -0.00591976 0.01107480
0.04958180 0.00637549 0.01091190
0.04938230 0.00591976 0.01107480
0.05134740 0.00591976 0.00947005
0.05168800 0.00451762 0.00919191
0.05165730 0.00175439 0.01114090
0.05175390 0.00133885 0.01105350
0.05191790 0.00225881 0.00900409
0.05181920 0.00066942 0.01099440
0.05200240 0.00000000 0.00893513
0.05184310 0.00000000 0.01097280
0.05191790 -0.00225881 0.00900409
0.05181920 -0.00066942 0.01099440
0.05168800 -0.00451762 0.00919191
0.05175390 -0.00133885 0.01105350
0.05134740 -0.00591976 0.00947005
0.05165730 -0.00175439 0.01114090
0.05090430 -0.00645901 0.00983190
0.05153160 -0.00191420 0.01125460
0.05042620 -0.00672734 0.01022230
0.05139590 -0.00199372 0.01137730
0.05128550 -0.00200501 0.01147710
0.05121290 -0.00196881 0.01154280
0.04978150 -0.00664327 0.01074890
0.04958180 -0.00637549 0.01091190
0.05153160 0.00191420 0.01125460
0.05090430 0.00645901 0.00983190
0.05003730 -0.00676545 0.01053990
0.04978620 -0.00668835 0.00709588
0.05022660 -0.00510416 0.00686586
0.05052390 -0.00255208 0.00671053
0.04964390 -0.00535539 0.00515995
0.04999570 -0.00267769 0.00516560
0.05063310 0.00000000 0.00665351
0.05012490 0.00000000 0.00516768
0.05052390 0.00255208 0.00671053
0.04999570 0.00267769 0.00516560
0.05022660 0.00510416 0.00686586
0.04964390 0.00535539 0.00515995
0.04978620 0.00668835 0.00709588
0.04912260 0.00701754 0.00515157
0.04921330 0.00729759 0.00739513
0.04844460 0.00765679 0.00514066
0.05000910 0.00724480 0.00313550
0.04940010 0.00790475 0.00279024
0.05204710 0.00749142 0.00064670
0.05156300 0.00817382 0.00010838
0.05433280 0.00768802 -0.00080609
0.05413080 0.00838833 -0.00152102
0.05750460 0.00788172 -0.00067066
0.05762640 0.00859967 -0.00142253
0.06177110 0.00809125 0.00073998
0.06208220 0.00882830 0.00002266
0.06535150 0.00825471 0.00278069
0.06583160 0.00900664 0.00214362
0.06756090 0.00836664 0.00500347
0.06819800 0.00912877 0.00450565
0.06925060 0.00846660 0.00790946
0.06998110 0.00923784 0.00754085
0.07095090 0.00857189 0.01200800
0.07173150 0.00935272 0.01173070
0.07295830 0.00869406 0.01897920
0.07377460 0.00948601 0.01878030
0.07480350 0.00877193 0.02847780
0.07564160 0.00957098 0.02835050
0.07582220 0.00874951 0.03781240
0.07666640 0.00954653 0.03776570
0.07586350 0.00865601 0.04696700
0.07669920 0.00944451 0.04700180
0.07513310 0.00851124 0.05593010
0.07594320 0.00928654 0.05607170
0.07355800 0.00837526 0.06202040
0.07429310 0.00913818 0.06235910
0.07142330 0.00827393 0.06514540
0.07201040 0.00902762 0.06568820
0.06889550 0.00817762 0.06721480
0.06931450 0.00892253 0.06788480
0.06586620 0.00807137 0.06865050
0.06611420 0.00880660 0.06939000
0.06159490 0.00792214 0.06959350
0.06168120 0.00864378 0.07035410
0.05675840 0.00773323 0.06971720
0.05666480 0.00843767 0.07045850
0.05351240 0.00756454 0.06892960
0.05311520 0.00825360 0.06954320
0.05183210 0.00740204 0.06685750
0.05121150 0.00807632 0.06721300
0.05069160 0.00719838 0.06384470
0.05001500 0.00785410 0.06400690
0.05036230 0.00701754 0.06172030
0.04969040 0.00765679 0.06162920
0.05085300 0.00684372 0.06050190
0.05028570 0.00746713 0.06016200
0.05179550 0.00659564 0.05930330
0.05133080 0.00719644 0.05886700
0.05042620 0.00672734 0.01022230
0.04859510 0.00760078 0.00771798
0.04771300 0.00797489 0.00512891
0.04874300 0.00823314 0.00241774
0.05104090 0.00851340 -0.00047244
0.05391270 0.00873683 -0.00229236
0.05775780 0.00895695 -0.00223373
0.06241790 0.00919508 -0.00075128
0.06634950 0.00938083 0.00145625
0.06888530 0.00950803 0.00396855
0.07076920 0.00962164 0.00714317
0.07257360 0.00974128 0.01143150
0.07465530 0.00988011 0.01856590
0.07654570 0.00996861 0.02821300
0.07757730 0.00994313 0.03771530
0.07760100 0.00983688 0.04703910
0.07681740 0.00967236 0.05622440
0.07508610 0.00951782 0.06272460
0.07264390 0.00940268 0.06627380
0.06976650 0.00929322 0.06860780
0.06638170 0.00917247 0.07018780
0.06177440 0.00900288 0.07117480
0.05656380 0.00878821 0.07125850
0.05268660 0.00859649 0.07020530
0.05054190 0.00841184 0.06759670
0.04928520 0.00818039 0.06418170
0.04896530 0.00797489 0.06153100
0.04967360 0.00777736 0.05979520
0.05082960 0.00749543 0.05839620
0.05003730 0.00676545 0.01053990
0.04809240 0.00764382 0.00798061
0.04711790 0.00802005 0.00511934
0.04820840 0.00827977 0.00211471
0.05061590 0.00856162 -0.00094493
0.05373530 0.00878632 -0.00291984
0.05786470 0.00900768 -0.00289363
0.06269100 0.00924714 -0.00138088
0.06677090 0.00943396 0.00089710
0.06944450 0.00956188 0.00353163
0.07141010 0.00967613 0.00681965
0.07325860 0.00979645 0.01118810
0.07537180 0.00993606 0.01839140
0.07728130 0.01002510 0.02810130
0.07831830 0.00999945 0.03767430
0.07833460 0.00989258 0.04706950
0.07752840 0.00972713 0.05634870
0.07573130 0.00957173 0.06302190
0.07315920 0.00945593 0.06675030
0.07013420 0.00934585 0.06919590
0.06659940 0.00922441 0.07083700
0.06185020 0.00905387 0.07184250
0.05648160 0.00883798 0.07190930
0.05233800 0.00864518 0.07074390
0.04999710 0.00845949 0.06790880
0.04869150 0.00822672 0.06432410
0.04978150 0.00664327 0.01074890
0.04921330 -0.00729759 0.00739513
0.04859510 -0.00760078 0.00771798
0.04809240 -0.00764382 0.00798061
0.04844460 -0.00765679 0.00514066
0.04771300 -0.00797489 0.00512891
0.04874300 -0.00823314 0.00241774
0.04820840 -0.00827977 0.00211471
0.05061590 -0.00856162 -0.00094493
0.05033630 -0.00840701 -0.00125588
0.05361850 -0.00862764 -0.00333278
0.04672620 0.00787523 0.00511305
0.04912260 -0.00701754 0.00515157
0.04711790 -0.00802005 0.00511934
0.04672620 -0.00787523 0.00511305
0.04785660 -0.00813026 0.00191529
0.04785660 0.00813026 0.00191529
0.04758230 0.00780253 0.00175981
0.05033630 0.00840701 -0.00125588
0.05011840 0.00806812 -0.00149831
0.05361850 0.00862764 -0.00333278
0.05352760 0.00827986 -0.00365475
0.05793500 0.00884501 -0.00332792
0.05798970 0.00848847 -0.00366652
0.06287080 0.00908015 -0.00179523
0.06301090 0.00871413 -0.00211827
0.06704810 0.00926360 0.00052912
0.06726440 0.00889018 0.00024221
0.06981250 0.00938921 0.00324409
0.07009950 0.00901073 0.00301989
0.07183210 0.00950139 0.00660674
0.07216100 0.00911840 0.00644074
0.07370950 0.00961954 0.01102790
0.07406100 0.00923178 0.01090300
0.07584320 0.00975664 0.01827660
0.07621090 0.00936335 0.01818710
0.07776540 0.00984402 0.02802760
0.07814290 0.00944722 0.02797030
0.07880590 0.00981887 0.03764740
0.07918610 0.00942307 0.03762630
0.07881730 0.00971395 0.04708960
0.07919360 0.00932238 0.04710530
0.07799650 0.00955148 0.05643060
0.07836140 0.00916645 0.05649440
0.07615590 0.00939888 0.06321750
0.07648680 0.00902001 0.06337000
0.07349820 0.00928518 0.06706380
0.07376270 0.00891089 0.06730830
0.07037630 0.00917708 0.06958280
0.07056490 0.00880716 0.06988460
0.06674260 0.00905784 0.07126400
0.06685430 0.00869272 0.07159710
0.06190010 0.00889038 0.07228180
0.06193910 0.00853200 0.07262440
0.05642740 0.00867838 0.07233750
0.05638530 0.00832856 0.07267140
0.05210850 0.00848906 0.07109840
0.05192960 0.00814687 0.07137470
0.04730800 0.00724480 0.00160432
0.05000910 -0.00724480 0.00313550
0.05047730 -0.00552882 0.00340088
0.05204710 -0.00749142 0.00064670
0.05241920 -0.00571702 0.00106049
0.05433280 -0.00768802 -0.00080609
0.05448820 -0.00586706 -0.00025656
0.05079350 -0.00276441 0.00358009
0.05267040 -0.00285851 0.00133992
0.05459310 -0.00293353 0.00011454
0.05090950 0.00000000 0.00364589
0.05276270 0.00000000 0.00144252
0.05463160 0.00000000 0.00025078
0.05079350 0.00276441 0.00358009
0.05267040 0.00285851 0.00133992
0.05459310 0.00293353 0.00011454
0.05047730 0.00552882 0.00340088
0.05241920 0.00571702 0.00106049
0.05448820 0.00586706 -0.00025656
0.04940010 -0.00790475 0.00279024
0.05156300 -0.00817382 0.00010838
0.05104090 -0.00851340 -0.00047244
0.05391270 -0.00873683 -0.00229236
0.05373530 -0.00878632 -0.00291984
0.05786470 -0.00900768 -0.00289363
0.05793500 -0.00884501 -0.00332792
0.06287080 -0.00908015 -0.00179523
0.06301090 -0.00871413 -0.00211827
0.06726440 -0.00889018 0.00024221
0.06748060 -0.00825471 -0.00004469
0.07038630 -0.00836664 0.00279570
0.07077000 -0.00646312 0.00249589
0.07292990 -0.00654034 0.00605274
0.07336990 -0.00327018 0.00583075
0.07535280 -0.00331084 0.01044410
0.07356980 0.00000000 0.00572984
0.07556640 0.00000000 0.01036820
0.07336990 0.00327018 0.00583075
0.07535280 0.00331084 0.01044410
0.07488270 0.00662167 0.01061110
0.07756180 0.00335802 0.01785800
0.07707020 0.00671605 0.01797780
0.07952970 0.00338810 0.02775940
0.07902490 0.00677620 0.02783610
0.08007470 0.00675888 0.03757720
0.07956630 0.00874951 0.03760530
0.07957000 0.00865601 0.04712080
0.04990040 0.00749142 -0.00174074
0.05343660 0.00768802 -0.00397670
0.05804460 0.00788172 -0.00400511
0.06315100 0.00809125 -0.00244132
0.06748060 0.00825471 -0.00004469
0.07038630 0.00836664 0.00279570
0.07249000 0.00846660 0.00627475
0.07441250 0.00857189 0.01077810
0.07657860 0.00869406 0.01809750
0.07852030 0.00877193 0.02791290
0.05011840 -0.00806812 -0.00149831
0.04758230 -0.00780253 0.00175981
0.04990040 -0.00749142 -0.00174074
0.04730800 -0.00724480 0.00160432
0.04960890 -0.00578702 -0.00206496
0.04694120 -0.00559652 0.00139639
0.04931740 -0.00289351 -0.00238919
0.04657440 -0.00279826 0.00118845
0.04918480 0.00000000 -0.00253655
0.04640760 0.00000000 0.00109393
0.04931740 0.00289351 -0.00238919
0.04657440 0.00279826 0.00118845
0.04960890 0.00578702 -0.00206496
0.04694120 0.00559652 0.00139639
0.05413080 -0.00838833 -0.00152102
0.05775780 -0.00895695 -0.00223373
0.06269100 -0.00924714 -0.00138088
0.06704810 -0.00926360 0.00052912
0.07009950 -0.00901073 0.00301989
0.07249000 -0.00846660 0.00627475
0.07488270 -0.00662167 0.01061110
0.07707020 -0.00671605 0.01797780
0.07756180 -0.00335802 0.01785800
0.07902490 -0.00677620 0.02783610
0.07952970 -0.00338810 0.02775940
0.08058320 -0.00337944 0.03754910
0.07975920 0.00000000 0.02772460
0.08081430 0.00000000 0.03753630
0.08058320 0.00337944 0.03754910
0.08007340 0.00668665 0.04714170
0.07872620 0.00851124 0.05655810
0.05352760 -0.00827986 -0.00365475
0.05343660 -0.00768802 -0.00397670
0.05331480 -0.00593890 -0.00440728
0.05319310 -0.00296945 -0.00483786
0.05313780 0.00000000 -0.00503358
0.05319310 0.00296945 -0.00483786
0.05331480 0.00593890 -0.00440728
0.05750460 -0.00788172 -0.00067066
0.05741110 -0.00601487 -0.00009274
0.06177110 -0.00809125 0.00073998
0.06153200 -0.00617477 0.00129137
0.06535150 -0.00825471 0.00278069
0.06498260 -0.00629952 0.00327039
0.06756090 -0.00836664 0.00500347
0.06707120 -0.00638494 0.00538612
0.06925060 -0.00846660 0.00790946
0.06868910 -0.00646123 0.00819279
0.07095090 -0.00857189 0.01200800
0.07035090 -0.00654158 0.01222120
0.07295830 -0.00869406 0.01897920
0.07233080 -0.00663481 0.01913200
0.07480350 -0.00877193 0.02847780
0.07415940 -0.00669424 0.02857580
0.07582220 -0.00874951 0.03781240
0.07517330 -0.00667713 0.03784820
0.07522110 -0.00660578 0.04694040
0.07478720 -0.00330288 0.04692240
0.07451030 -0.00649529 0.05582120
0.07408970 -0.00324764 0.05574760
0.07299300 -0.00639152 0.06176000
0.07261140 -0.00319576 0.06158420
0.07097210 -0.00631420 0.06472820
0.07066740 -0.00315709 0.06444640
0.06835600 -0.00312035 0.06635200
0.06827610 0.00000000 0.06622430
0.06554690 -0.00307980 0.06769810
0.06549960 0.00000000 0.06755730
0.06146720 0.00000000 0.06846890
0.06148370 0.00302286 0.06861390
0.05689690 0.00000000 0.06862110
0.05687910 0.00295078 0.06876240
0.05409970 0.00000000 0.06802240
0.05402410 0.00288640 0.06813930
0.05734790 -0.00300744 0.00029754
0.06137040 -0.00308739 0.00166372
0.06473330 -0.00314976 0.00360109
0.06674050 -0.00319247 0.00564452
0.06830990 -0.00323061 0.00838412
0.06994570 -0.00327079 0.01236510
0.07190710 -0.00331741 0.01923520
0.07372430 -0.00334712 0.02864190
0.07473510 -0.00333856 0.03787260
0.07462810 0.00000000 0.04691580
0.07393530 0.00000000 0.05572070
0.07247140 0.00000000 0.06151970
0.07055550 0.00000000 0.06434300
0.06835600 0.00312035 0.06635200
0.06554690 0.00307980 0.06769810
0.06567560 0.00615960 0.06808210
0.06152860 0.00604571 0.06900880
0.05732470 0.00000000 0.00044082
0.06131120 0.00000000 0.00180041
0.06464190 0.00000000 0.00372249
0.06473330 0.00314976 0.00360109
0.06661900 0.00000000 0.00573939
0.06674050 0.00319247 0.00564452
0.06817080 0.00000000 0.00845436
0.06830990 0.00323061 0.00838412
0.06979700 0.00000000 0.01241800
0.06994570 0.00327079 0.01236510
0.07175150 0.00000000 0.01927310
0.07190710 0.00331741 0.01923520
0.07372430 0.00334712 0.02864190
0.07233080 0.00663481 0.01913200
0.07415940 0.00669424 0.02857580
0.05734790 0.00300744 0.00029754
0.06137040 0.00308739 0.00166372
0.06153200 0.00617477 0.00129137
0.06498260 0.00629952 0.00327039
0.05741110 0.00601487 -0.00009273
0.05762640 -0.00859967 -0.00142253
0.06208220 -0.00882830 0.00002266
0.06241790 -0.00919508 -0.00075128
0.06634950 -0.00938083 0.00145625
0.06677090 -0.00943396 0.00089710
0.06944450 -0.00956188 0.00353163
0.06981250 -0.00938921 0.00324409
0.07183210 -0.00950139 0.00660674
0.07216100 -0.00911840 0.00644074
0.07406100 -0.00923178 0.01090300
0.07441250 -0.00857189 0.01077810
0.07657860 -0.00869406 0.01809750
0.05798970 -0.00848847 -0.00366652
0.05804460 -0.00788172 -0.00400511
0.06315100 -0.00809125 -0.00244132
0.05811790 0.00608852 -0.00445795
0.06333830 0.00625039 -0.00287333
0.06776970 0.00637665 -0.00042838
0.07077000 0.00646312 0.00249589
0.07292990 0.00654034 0.00605274
0.05819120 0.00304426 -0.00491078
0.06352580 0.00312519 -0.00330536
0.06805880 0.00318833 -0.00081208
0.07115380 0.00323157 0.00219607
0.05822460 0.00000000 -0.00511660
0.06361100 0.00000000 -0.00350174
0.06819020 0.00000000 -0.00098649
0.07132820 0.00000000 0.00205979
0.05819120 -0.00304426 -0.00491078
0.06352580 -0.00312519 -0.00330536
0.06805880 -0.00318833 -0.00081208
0.07115380 -0.00323157 0.00219607
0.05811790 -0.00608852 -0.00445795
0.06333830 -0.00625039 -0.00287333
0.06776970 -0.00637665 -0.00042838
0.06583160 -0.00900664 0.00214362
0.06888530 -0.00950803 0.00396855
0.07141010 -0.00967613 0.00681965
0.07370950 -0.00961954 0.01102790
0.07621090 -0.00936335 0.01818710
0.07852030 -0.00877193 0.02791290
0.06707120 0.00638494 0.00538612
0.06868910 0.00646123 0.00819279
0.07035090 0.00654158 0.01222120
0.06819800 -0.00912878 0.00450565
0.07076920 -0.00962164 0.00714317
0.07325860 -0.00979644 0.01118810
0.07584320 -0.00975664 0.01827660
0.07814290 -0.00944722 0.02797030
0.07956630 -0.00874951 0.03760530
0.08007470 -0.00675888 0.03757720
0.08007340 -0.00668665 0.04714170
0.08057680 -0.00334332 0.04716270
0.07970210 -0.00328741 0.05672870
0.07992390 0.00000000 0.05676740
0.07790450 0.00000000 0.06402340
0.07770340 0.00323489 0.06393070
0.07473420 0.00319575 0.06820650
0.07438060 0.00639150 0.06787960
0.07100600 0.00631711 0.07059000
0.07075360 0.00817762 0.07018630
0.06696590 0.00807137 0.07193020
0.06998110 -0.00923784 0.00754085
0.07257360 -0.00974128 0.01143150
0.07537180 -0.00993606 0.01839140
0.07776540 -0.00984402 0.02802760
0.07918610 -0.00942307 0.03762630
0.07957000 -0.00865601 0.04712080
0.07921420 -0.00657482 0.05664340
0.07770340 -0.00323489 0.06393070
0.07489490 0.00000000 0.06835510
0.07125830 0.00315855 0.07099350
0.06711530 0.00623503 0.07237560
0.06197790 0.00792214 0.07296700
0.07356470 0.00000000 0.02866620
0.07457420 0.00000000 0.03788150
0.07778520 0.00000000 0.01780360
0.07473510 0.00333856 0.03787260
0.07478720 0.00330288 0.04692240
0.07517330 0.00667713 0.03784820
0.07522110 0.00660578 0.04694040
0.07451030 0.00649529 0.05582120
0.07408970 0.00324764 0.05574760
0.08080550 0.00000000 0.04717210
0.08057680 0.00334332 0.04716270
0.07261140 0.00319576 0.06158420
0.07970210 0.00328741 0.05672870
0.07921420 0.00657482 0.05664340
0.07299300 0.00639152 0.06176000
0.07066740 0.00315709 0.06444640
0.07355800 -0.00837526 0.06202040
0.07429310 -0.00913818 0.06235910
0.07513310 -0.00851124 0.05593010
0.07594320 -0.00928654 0.05607170
0.07726070 0.00646977 0.06372670
0.07681790 0.00837526 0.06352270
0.07402710 0.00827393 0.06755260
0.07097210 0.00631420 0.06472820
0.06857340 0.00624069 0.06669980
0.07142330 -0.00827393 0.06514540
0.07201040 -0.00902762 0.06568820
0.06889550 -0.00817762 0.06721480
0.06931450 -0.00892253 0.06788480
0.06586620 -0.00807137 0.06865050
0.06611420 -0.00880660 0.06939000
0.06159490 -0.00792214 0.06959350
0.06168120 -0.00864378 0.07035410
0.05683050 0.00590155 0.06914720
0.05381780 0.00577282 0.06845790
0.05675840 -0.00773323 0.06971720
0.05666480 -0.00843767 0.07045850
0.05402410 -0.00288640 0.06813930
0.05687910 -0.00295078 0.06876240
0.06148370 -0.00302286 0.06861390
0.06152860 -0.00604571 0.06900880
0.06567560 -0.00615960 0.06808210
0.06857340 -0.00624069 0.06669980
0.07586350 -0.00865601 0.04696700
0.07669920 -0.00944451 0.04700180
0.07666640 -0.00954653 0.03776570
0.07760100 -0.00983688 0.04703910
0.07757730 -0.00994313 0.03771530
0.07833460 -0.00989258 0.04706950
0.07831830 -0.00999945 0.03767430
0.07881730 -0.00971395 0.04708960
0.07880590 -0.00981887 0.03764740
0.07919360 -0.00932238 0.04710530
0.07564160 -0.00957098 0.02835050
0.07377460 -0.00948601 0.01878030
0.07173150 -0.00935272 0.01173070
0.07465530 -0.00988011 0.01856590
0.07728130 -0.01002510 0.02810130
0.07654570 -0.00996861 0.02821300
0.05683050 -0.00590155 0.06914720
0.05351240 -0.00756454 0.06892960
0.05381780 -0.00577282 0.06845790
0.05311520 -0.00825360 0.06954320
0.04963860 0.00830672 0.06811420
0.04935900 0.00797188 0.06827430
0.04830080 0.00807816 0.06441770
0.05230930 0.00564882 0.06658420
0.05192960 -0.00814687 0.07137470
0.05210850 -0.00848906 0.07109840
0.04935900 -0.00797188 0.06827430
0.04963860 -0.00830672 0.06811420
0.05175080 -0.00756454 0.07165100
0.04907960 -0.00740204 0.06843450
0.05175080 0.00756454 0.07165100
0.05151140 0.00584350 0.07202070
0.04907960 0.00740204 0.06843450
0.04870580 0.00571798 0.06864860
0.05127220 0.00292175 0.07239020
0.04833200 0.00285900 0.06886280
0.05116340 0.00000000 0.07255810
0.05127220 -0.00292175 0.07239020
0.04833200 -0.00285900 0.06886280
0.05151140 -0.00584350 0.07202070
0.04870580 -0.00571798 0.06864860
0.05634310 0.00773323 0.07300530
0.05121150 0.00549340 0.06372020
0.05069160 -0.00719838 0.06384470
0.05001500 -0.00785410 0.06400690
0.05183210 -0.00740204 0.06685750
0.05121150 -0.00807632 0.06721300
0.05036230 -0.00701754 0.06172030
0.04969040 -0.00765679 0.06162920
0.04917570 0.00782139 0.05949690
0.05128910 0.00522273 0.06076320
0.05087880 0.00535539 0.06179020
0.05122770 0.00267769 0.06183750
0.05156270 0.00274669 0.06363600
0.05263130 0.00282441 0.06639960
0.05135580 0.00000000 0.06185490
0.05169160 0.00000000 0.06360510
0.05274960 0.00000000 0.06633180
0.05122770 -0.00267769 0.06183750
0.05156270 -0.00274669 0.06363600
0.05263130 -0.00282441 0.06639960
0.05087880 -0.00535539 0.06179020
0.05121150 -0.00549340 0.06372020
0.05230930 -0.00564882 0.06658420
0.05085300 -0.00684372 0.06050190
0.05128910 -0.00522273 0.06076320
0.05179550 -0.00659564 0.05930330
0.05215260 -0.00503341 0.05963870
0.05158360 -0.00261137 0.06093960
0.05239390 -0.00251670 0.05986520
0.05169160 0.00000000 0.06100440
0.05248250 0.00000000 0.05994820
0.05158360 0.00261137 0.06093960
0.05239390 0.00251670 0.05986520
0.05215260 0.00503341 0.05963870
0.05028570 -0.00746713 0.06016200
0.05015340 0.00740174 0.05776140
0.05042180 0.00753787 0.05801340
0.04994410 0.00710338 0.05756490
0.04973480 0.00659564 0.05736840
0.05133080 -0.00719644 0.05886700
0.05082960 -0.00749543 0.05839620
0.04967360 -0.00777736 0.05979520
0.04896530 -0.00797489 0.06153100
0.04928520 -0.00818039 0.06418170
0.05054190 -0.00841184 0.06759670
0.05268660 -0.00859649 0.07020530
0.05656380 -0.00878821 0.07125850
0.06177440 -0.00900288 0.07117480
0.06638170 -0.00917247 0.07018780
0.06976650 -0.00929322 0.06860780
0.07264390 -0.00940268 0.06627380
0.07508610 -0.00951782 0.06272460
0.07681740 -0.00967236 0.05622440
0.05042180 -0.00753787 0.05801340
0.04917570 -0.00782140 0.05949690
0.04869150 -0.00822672 0.06432410
0.04999710 -0.00845949 0.06790880
0.05233800 -0.00864518 0.07074390
0.05648160 -0.00883798 0.07190930
0.06185020 -0.00905387 0.07184250
0.06659940 -0.00922441 0.07083700
0.07013420 -0.00934585 0.06919590
0.07315920 -0.00945593 0.06675030
0.07573130 -0.00957173 0.06302190
0.07752840 -0.00972713 0.05634870
0.05015340 -0.00740174 0.05776140
0.04994410 -0.00710338 0.05756490
0.04973480 -0.00659564 0.05736840
0.05112080 0.00175439 0.05748510
0.05117320 0.00188945 0.05754070
0.05105090 0.00135524 0.05741080
0.05122540 0.00196881 0.05759640
0.05129260 0.00200501 0.05766770
0.05098100 0.00067762 0.05733650
0.04023770 -0.00855279 0.08747820
0.03758020 -0.01673180 0.08747820
0.04113670 0.00000001 0.08747820
0.03328030 -0.02417960 0.08747820
0.04023770 0.00855281 0.08747820
0.03758020 0.01673180 0.08747820
0.03328020 0.02417960 0.08747820
0.02752580 0.03057060 0.08747820
0.02056830 0.03562540 0.08747820
0.01271190 0.03912330 0.08747820
0.00429996 0.04091130 0.08747820
-0.00429994 0.04091130 0.08747820
-0.01271190 0.03912330 0.08747820
-0.02056830 0.03562540 0.08747820
-0.02752580 0.03057060 0.08747820
-0.03328020 0.02417960 0.08747820
0.02752580 -0.03057060 0.08747820
0.02056830 -0.03562540 0.08747820
0.01271190 -0.03912330 0.08747820
0.00429996 -0.04091130 0.08747820
-0.00429995 -0.04091130 0.08747820
-0.01271190 -0.03912330 0.08747820
-0.02056830 -0.03562540 0.08747820
-0.02752580 -0.03057060 0.08747820
-0.03328020 -0.02417960 0.08747820
-0.03758020 -0.01673180 0.08747820
-0.04023770 -0.00855279 0.08747820
-0.04113670 -0.00000001 0.08747820
-0.04023770 0.00855287 0.08747820
-0.03758020 0.01673180 0.08747820
0.04023770 -0.00855279 0.02669970
0.04113670 0.00000001 0.02669970
0.04023770 0.00855279 0.02669970
0.03758020 0.01673180 0.02669970
0.03328020 0.02417960 0.02669970
0.02752580 0.03057060 0.02669970
0.02056830 0.03562540 0.02669970
0.01271190 0.03912330 0.02669970
0.00429996 0.04091130 0.02669970
-0.00429994 0.04091130 0.02669970
-0.01271190 0.03912330 0.02669970
-0.02056830 0.03562540 0.02669970
-0.02752580 0.03057060 0.02669970
-0.03328020 0.02417960 0.02669970
-0.03758020 0.01673180 0.02669970
-0.04023770 0.00855287 0.02669970
-0.04113670 -0.00000001 0.02669970
-0.04023770 -0.00855279 0.02669970
-0.03758020 -0.01673180 0.02669970
-0.03328020 -0.02417960 0.02669970
-0.02752580 -0.03057060 0.02669970
-0.02056830 -0.03562540 0.02669970
-0.01271190 -0.03912330 0.02669970
-0.00429995 -0.04091130 0.02669970
0.00429996 -0.04091130 0.02669970
0.01271190 -0.03912330 0.02669970
0.02056830 -0.03562540 0.02669970
0.02752580 -0.03057060 0.02669970
0.03328030 -0.02417960 0.02669970
0.03758020 -0.01673180 0.02669970
-0.03927760 -0.00000001 0.01904000
-0.03841930 0.00816634 0.01904000
-0.03518900 0.00747972 0.01181140
-0.03286490 0.01463250 0.01181140
-0.02850080 0.01268930 0.00528643
-0.02523960 0.01833770 0.00528643
-0.02030800 0.01475460 -0.00026267
-0.01679660 0.01865450 -0.00026267
-0.01216340 0.01350890 -0.00456351
-0.00908898 0.01574260 -0.00456351
-0.00582561 0.01009030 -0.00734373
-0.00360043 0.01108100 -0.00734373
-0.00254238 0.00782466 -0.00833099
-0.00085999 0.00818227 -0.00833099
-0.00085999 -0.00818227 -0.00833099
0.00085999 -0.00818227 -0.00833099
0.00121789 -0.01158740 -0.00734373
0.00360044 -0.01108100 -0.00734373
0.00561731 -0.01728830 -0.00456351
0.00908900 -0.01574260 -0.00456351
0.01255110 -0.02173910 -0.00026267
0.01679660 -0.01865450 -0.00026267
0.02087540 -0.02318460 0.00528643
0.02523960 -0.01833770 0.00528643
0.02910450 -0.02114560 0.01181140
0.03286490 -0.01463250 0.01181140
0.03588180 -0.01597560 0.01904000
0.03841930 -0.00816627 0.01904000
0.03177620 -0.02308670 0.01904000
0.02407210 -0.02673470 0.01181140
0.01559900 -0.02701820 0.00528643
0.00775699 -0.02387360 -0.00026267
0.00190013 -0.01807840 -0.00456351
-0.00121789 -0.01158740 -0.00734373
-0.00254238 -0.00782466 -0.00833099
-0.00411366 0.00712509 -0.00833099
-0.00779620 0.00865857 -0.00734373
-0.01470630 0.01068480 -0.00456351
-0.02293200 0.01021000 -0.00026267
-0.03051620 0.00648647 0.00528643
-0.03597520 -0.00000000 0.01181140
-0.03841930 -0.00816627 0.01904000
0.02628180 -0.02918900 0.01904000
0.01798760 -0.03115540 0.01181140
0.00964069 -0.02967110 0.00528643
0.00262388 -0.02496470 -0.00026267
-0.00190011 -0.01807840 -0.00456351
-0.00360044 -0.01108100 -0.00734373
-0.00411367 -0.00712508 -0.00833099
-0.00550515 0.00611411 -0.00833099
-0.00942605 0.00684845 -0.00734373
-0.01660640 0.00739368 -0.00456351
-0.02455360 0.00521907 -0.00026267
-0.03119790 -0.00000000 0.00528643
-0.03518900 -0.00747966 0.01181140
-0.03588180 -0.01597570 0.01904000
0.01963880 -0.03401540 0.01904000
0.01111690 -0.03421440 0.01181140
0.00326108 -0.03102710 0.00528643
-0.00262388 -0.02496470 -0.00026267
-0.00561731 -0.01728830 -0.00456351
-0.00582563 -0.01009030 -0.00734373
-0.00550516 -0.00611410 -0.00833099
-0.00665604 0.00483591 -0.00833099
-0.01064390 0.00473901 -0.00734373
-0.01778070 0.00377945 -0.00456351
-0.02510210 -0.00000000 -0.00026267
-0.03051620 -0.00648642 0.00528643
-0.03286490 -0.01463250 0.01181140
-0.03177620 -0.02308680 0.01904000
0.01213740 -0.03735510 0.01904000
0.00376043 -0.03577810 0.01181140
-0.00326107 -0.03102710 0.00528643
-0.00775698 -0.02387360 -0.00026267
-0.00908900 -0.01574260 -0.00456351
-0.00779620 -0.00865857 -0.00734373
-0.00665605 -0.00483590 -0.00833099
-0.00751604 0.00334637 -0.00833099
-0.01139660 0.00242246 -0.00734373
-0.01817790 -0.00000000 -0.00456351
-0.02455360 -0.00521902 -0.00026267
-0.02850080 -0.01268930 0.00528643
-0.02910450 -0.02114560 0.01181140
-0.02628180 -0.02918900 0.01904000
0.00410563 -0.03906240 0.01904000
-0.00376043 -0.03577810 0.01181140
-0.00964069 -0.02967110 0.00528643
-0.01255100 -0.02173910 -0.00026267
-0.01216340 -0.01350890 -0.00456351
-0.00942606 -0.00684843 -0.00734373
-0.00751604 -0.00334635 -0.00833099
-0.00804754 0.00171058 -0.00833099
-0.01165130 -0.00000000 -0.00734373
-0.01778070 -0.00377942 -0.00456351
-0.02293200 -0.01021000 -0.00026267
-0.02523960 -0.01833770 0.00528643
-0.02407210 -0.02673470 0.01181140
-0.01963870 -0.03401540 0.01904000
-0.00410561 -0.03906240 0.01904000
-0.01111690 -0.03421440 0.01181140
-0.01559900 -0.02701820 0.00528643
-0.01679660 -0.01865450 -0.00026267
-0.01470630 -0.01068470 -0.00456351
-0.01064390 -0.00473900 -0.00734373
-0.00804754 -0.00171056 -0.00833099
-0.00822733 0.00000000 -0.00833099
-0.01139660 -0.00242243 -0.00734373
-0.01660640 -0.00739366 -0.00456351
-0.02030800 -0.01475460 -0.00026267
-0.02087540 -0.02318460 0.00528643
-0.01798760 -0.03115540 0.01181140
-0.01213740 -0.03735510 0.01904000
-0.03588180 0.01597570 0.01904000
-0.02910450 0.02114570 0.01181140
-0.02087540 0.02318460 0.00528643
-0.01255100 0.02173910 -0.00026267
-0.00561729 0.01728830 -0.00456351
-0.00121788 0.01158740 -0.00734373
0.00085999 0.00818227 -0.00833099
0.00254238 0.00782466 -0.00833099
0.00254239 -0.00782466 -0.00833099
0.00411367 0.00712508 -0.00833099
0.00411367 -0.00712508 -0.00833099
0.00550516 0.00611410 -0.00833099
0.00550516 -0.00611410 -0.00833099
0.00665605 0.00483590 -0.00833099
0.00665605 -0.00483590 -0.00833099
0.00751604 0.00334635 -0.00833099
0.00751604 -0.00334635 -0.00833099
0.00804754 0.00171056 -0.00833099
0.00804754 -0.00171056 -0.00833099
0.00822733 0.00000000 -0.00833099
0.01165130 0.00000000 -0.00734373
0.01139660 0.00242243 -0.00734373
0.01778070 0.00377942 -0.00456351
0.01660640 0.00739366 -0.00456351
0.02293200 0.01021000 -0.00026267
0.02030800 0.01475460 -0.00026267
0.02523960 0.01833770 0.00528643
0.02087540 0.02318460 0.00528643
0.02407210 0.02673470 0.01181140
0.01798760 0.03115540 0.01181140
0.01963870 0.03401540 0.01904000
0.01213740 0.03735510 0.01904000
0.00582563 -0.01009030 -0.00734373
0.01216340 -0.01350890 -0.00456351
0.02030800 -0.01475460 -0.00026267
0.02850080 -0.01268930 0.00528643
0.03518900 -0.00747965 0.01181140
0.03927760 0.00000001 0.01904000
0.00779620 -0.00865857 -0.00734373
0.01470630 -0.01068470 -0.00456351
0.02293200 -0.01020990 -0.00026267
0.03051620 -0.00648642 0.00528643
0.03597520 0.00000001 0.01181140
0.03841930 0.00816628 0.01904000
0.00942606 -0.00684843 -0.00734373
0.01660640 -0.00739366 -0.00456351
0.02455360 -0.00521902 -0.00026267
0.03119790 0.00000001 0.00528643
0.03518900 0.00747966 0.01181140
0.03588180 0.01597570 0.01904000
0.01064390 -0.00473898 -0.00734373
0.01778070 -0.00377941 -0.00456351
0.02510210 0.00000000 -0.00026267
0.03051620 0.00648642 0.00528643
0.03286490 0.01463250 0.01181140
0.03177620 0.02308680 0.01904000
0.01139660 -0.00242243 -0.00734373
0.01817790 0.00000000 -0.00456351
0.02455360 0.00521904 -0.00026267
0.02850080 0.01268930 0.00528643
0.02910450 0.02114560 0.01181140
0.02628180 0.02918900 0.01904000
0.01064390 0.00473900 -0.00734373
0.01470630 0.01068470 -0.00456351
0.01679660 0.01865450 -0.00026267
0.01559900 0.02701820 0.00528643
0.01111690 0.03421440 0.01181140
0.00410564 0.03906240 0.01904000
0.00942606 0.00684843 -0.00734373
0.01216340 0.01350890 -0.00456351
0.01255100 0.02173910 -0.00026267
0.00964069 0.02967110 0.00528643
0.00376044 0.03577810 0.01181140
-0.00410560 0.03906240 0.01904000
0.00779620 0.00865857 -0.00734373
0.00908900 0.01574260 -0.00456351
0.00775698 0.02387360 -0.00026267
0.00326108 0.03102710 0.00528643
-0.00376041 0.03577810 0.01181140
-0.01213740 0.03735510 0.01904000
0.00582563 0.01009030 -0.00734373
0.00561731 0.01728830 -0.00456351
0.00262390 0.02496470 -0.00026267
-0.00326105 0.03102710 0.00528643
-0.01111690 0.03421440 0.01181140
-0.01963870 0.03401540 0.01904000
0.00360044 0.01108100 -0.00734373
0.00190013 0.01807840 -0.00456351
-0.00262387 0.02496470 -0.00026267
-0.00964066 0.02967110 0.00528643
-0.01798760 0.03115540 0.01181140
-0.02628180 0.02918900 0.01904000
0.00121789 0.01158740 -0.00734373
-0.00190011 0.01807840 -0.00456351
-0.00775697 0.02387360 -0.00026267
-0.01559900 0.02701820 0.00528643
-0.02407210 0.02673470 0.01181140
-0.03177620 0.02308680 0.01904000
0.05139590 0.00199372 0.01137730
0.05128550 0.00200501 0.01147710
0.05121290 0.00196881 0.01154280
0.05115630 0.00188945 0.01159400
0.07799650 -0.00955148 0.05643060
0.07836140 -0.00916645 0.05649440
0.07872620 -0.00851124 0.05655810
0.07615590 -0.00939888 0.06321750
0.07648680 -0.00902001 0.06337000
0.07376270 -0.00891089 0.06730830
0.07402710 -0.00827393 0.06755260
0.07075360 -0.00817762 0.07018630
0.07100600 -0.00631711 0.07059000
0.06711530 -0.00623503 0.07237560
0.06726450 -0.00311751 0.07282090
0.06208200 -0.00305987 0.07388330
0.06210560 0.00000000 0.07409150
0.05620480 0.00000000 0.07410130
0.05623030 0.00298690 0.07389840
0.07349820 -0.00928518 0.06706380
0.07056490 -0.00880716 0.06988460
0.06696590 -0.00807137 0.07193020
0.06203000 -0.00611975 0.07342520
0.05623030 -0.00298690 0.07389840
0.07681790 -0.00837526 0.06352270
0.07726070 -0.00646977 0.06372670
0.07037630 -0.00917708 0.06958280
0.06685430 -0.00869272 0.07159710
0.06197790 -0.00792214 0.07296700
0.05628670 -0.00597382 0.07345170
0.07438060 -0.00639150 0.06787960
0.07473420 -0.00319575 0.06820650
0.06674260 -0.00905784 0.07126400
0.06193910 -0.00853200 0.07262440
0.05634310 -0.00773323 0.07300530
0.07125830 -0.00315855 0.07099350
0.07137310 0.00000000 0.07117690
0.06190010 -0.00889038 0.07228180
0.05638530 -0.00832856 0.07267140
0.06733250 0.00000000 0.07302340
0.06726450 0.00311751 0.07282090
0.05642740 -0.00867838 0.07233750
0.06208200 0.00305987 0.07388330
0.06203000 0.00611975 0.07342520
0.05628670 0.00597382 0.07345170
0.04830080 -0.00807816 0.06441770
0.05139450 0.00199372 0.05777610
0.05151990 0.00191420 0.05790930
0.05163610 0.00175439 0.05803280
0.05172530 0.00133885 0.05812770
0.05178560 0.00066942 0.05819190
0.05180780 0.00000000 0.05821540
0.05178560 -0.00066942 0.05819190
0.05172530 -0.00133885 0.05812770
0.05163610 -0.00175439 0.05803280
0.05151990 -0.00191420 0.05790930
0.05139450 -0.00199372 0.05777610
0.05129260 -0.00200501 0.05766770
0.05122540 -0.00196881 0.05759640
0.05117320 -0.00188945 0.05754070
0.05112080 -0.00175439 0.05748510
0.05105090 -0.00135524 0.05741080
0.05098100 -0.00067762 0.05733650
0.05094910 0.00000000 0.05730260
