0.00000 0.00000 0.00000 0.00000 0.00000 0.00000 0.00000 0.00000 0.00000 0.00000 0.00000 0.00000 0.00000 0.00000 0.00000 0.00000 0.00000 0.00000 0.00000 0.00000 0.00000 0.00000 0.00000 0.00000 0.00000 0.00000 0.00000 0.00000 0.00000 0.00000 0.00000 0.00000
-0.00012 -0.01734 -0.02488 -0.02895 -0.03207 -0.03521 -0.03864 -0.04240 -0.04631 -0.05005 -0.05317 -0.05507 -0.05506 -0.05243 -0.04661 -0.03730 -0.02467 -0.00947 0.00705 0.02331 0.03771 0.04903 0.05661 0.06047 0.06115 0.05956 0.05672 0.05362 0.05108 0.04936 0.04607 0.03263
-0.00032 -0.04203 -0.05863 -0.06762 -0.07510 -0.08308 -0.09214 -0.10220 -0.11286 -0.12339 -0.13273 -0.13947 -0.14195 -0.13839 -0.12721 -0.10739 -0.07893 -0.04316 -0.00269 0.03887 0.07771 0.11057 0.13533 0.15131 0.15917 0.16054 0.15756 0.15243 0.14701 0.14143 0.12961 0.09147
-0.00054 -0.07022 -0.09526 -0.10843 -0.12000 -0.13302 -0.14822 -0.16545 -0.18406 -0.20293 -0.22038 -0.23415 -0.24145 -0.23914 -0.22422 -0.19450 -0.14943 -0.09072 -0.02259 0.04895 0.11724 0.17645 0.22268 0.25436 0.27214 0.27837 0.27631 0.26946 0.26068 0.24999 0.22756 0.16101
-0.00076 -0.09736 -0.13031 -0.14730 -0.16283 -0.18100 -0.20275 -0.22789 -0.25564 -0.28458 -0.31249 -0.33620 -0.35158 -0.35371 -0.33750 -0.29878 -0.23575 -0.15040 -0.04899 0.05885 0.16237 0.25228 0.32249 0.37065 0.39778 0.40742 0.40441 0.39385 0.37980 0.36237 0.32804 0.23197
-0.00097 -0.12137 -0.16146 -0.18211 -0.20161 -0.22511 -0.25384 -0.28774 -0.32608 -0.36731 -0.40884 -0.44666 -0.47506 -0.48676 -0.47348 -0.42759 -0.34468 -0.22651 -0.08245 0.07205 0.21979 0.34639 0.44310 0.50712 0.54072 0.54963 0.54121 0.52283 0.50017 0.47353 0.42580 0.29986
-0.00114 -0.14111 -0.18719 -0.21123 -0.23466 -0.26359 -0.29966 -0.34314 -0.39360 -0.44974 -0.50891 -0.56651 -0.61525 -0.64474 -0.64186 -0.59284 -0.48776 -0.32712 -0.12554 0.09171 0.29709 0.46884 0.59499 0.67301 0.70779 0.70901 0.68812 0.65576 0.61972 0.58054 0.51739 0.36149
-0.00128 -0.15569 -0.20626 -0.23319 -0.26031 -0.29452 -0.33797 -0.39153 -0.45543 -0.52912 -0.61057 -0.69522 -0.77459 -0.83463 -0.85478 -0.80989 -0.67914 -0.46090 -0.18009 0.12175 0.40236 0.63033 0.78967 0.87854 0.90636 0.88955 0.84608 0.79139 0.73585 0.68002 0.59902 0.41356
-0.00137 -0.16433 -0.21754 -0.24661 -0.27684 -0.31576 -0.36611 -0.42956 -0.50749 -0.60076 -0.70900 -0.82910 -0.95257 -1.06132 -1.12257 -1.08979 -0.92391 -0.62591 -0.24222 0.16356 0.53511 0.83209 1.03191 1.12996 1.14099 1.09264 1.01353 0.92614 0.84396 0.76704 0.66586 0.45223
-0.00141 -0.16632 -0.22009 -0.25028 -0.28266 -0.32513 -0.38106 -0.45312 -0.54420 -0.65741 -0.79545 -0.95879 -1.14103 -1.31858 -1.43575 -1.40953 -1.18440 -0.78592 -0.29684 0.20384 0.66187 1.03713 1.29540 1.41455 1.40528 1.31131 1.18182 1.05120 0.93600 0.83441 0.71166 0.47318
-0.00138 -0.16119 -0.21326 -0.24330 -0.27643 -0.32063 -0.37980 -0.45765 -0.55877 -0.68914 -0.85588 -1.06524 -1.31384 -1.56514 -1.72181 -1.66037 -1.34396 -0.86068 -0.32615 0.19933 0.69745 1.14376 1.48502 1.65997 1.65459 1.52167 1.33656 1.15447 1.00077 0.87258 0.72901 0.47212
-0.00129 -0.14876 -0.19679 -0.22521 -0.25733 -0.30080 -0.35982 -0.43887 -0.54405 -0.68402 -0.87040 -1.11460 -1.41027 -1.69093 -1.81038 -1.64941 -1.25693 -0.79327 -0.35352 0.07982 0.55114 1.05122 1.49246 1.75504 1.78802 1.64446 1.42224 1.20120 1.01799 0.86902 0.70990 0.44561
-0.00113 -0.12924 -0.17096 -0.19619 -0.22529 -0.26510 -0.31976 -0.39394 -0.49432 -0.63069 -0.81596 -1.05902 -1.33506 -1.54080 -1.53113 -1.28373 -0.95742 -0.69536 -0.46595 -0.16355 0.25702 0.77387 1.28527 1.62764 1.71513 1.59773 1.38212 1.15718 0.96594 0.80958 0.64655 0.39206
-0.00091 -0.10330 -0.13664 -0.15715 -0.18118 -0.21432 -0.26012 -0.32272 -0.40797 -0.52388 -0.67849 -0.86727 -1.04342 -1.11195 -1.02352 -0.86794 -0.76471 -0.69731 -0.56419 -0.32099 0.02604 0.47932 0.97397 1.33641 1.45760 1.37880 1.19735 0.99697 0.82381 0.68225 0.53482 0.31343
-0.00064 -0.07204 -0.09529 -0.10978 -0.12693 -0.15070 -0.18364 -0.22872 -0.28989 -0.37165 -0.47578 -0.59102 -0.68116 -0.70206 -0.65257 -0.58328 -0.53966 -0.51659 -0.46150 -0.32257 -0.08376 0.25414 0.64256 0.94589 1.06371 1.01649 0.87971 0.72495 0.59456 0.49064 0.38042 0.21654
-0.00033 -0.03699 -0.04893 -0.05643 -0.06536 -0.07777 -0.09498 -0.11852 -0.15031 -0.19230 -0.24449 -0.29996 -0.34035 -0.34534 -0.31656 -0.28358 -0.27306 -0.27579 -0.25717 -0.19354 -0.07549 0.10360 0.31797 0.49215 0.56582 0.54243 0.46444 0.37725 0.30769 0.25494 0.19710 0.10997
0.00000 0.00004 0.00005 0.00004 0.00003 0.00002 0.00001 0.00001 -0.00000 -0.00001 -0.00001 -0.00002 -0.00003 -0.00003 -0.00004 -0.00004 -0.00004 -0.00004 -0.00003 -0.00003 -0.00003 -0.00002 -0.00001 0.00000 0.00002 0.00003 0.00003 0.00003 0.00003 0.00002 0.00001 -0.00000
0.00033 0.03707 0.04902 0.05651 0.06542 0.07782 0.09501 0.11854 0.15031 0.19228 0.24446 0.29992 0.34030 0.34528 0.31648 0.28350 0.27298 0.27571 0.25710 0.19348 0.07543 -0.10364 -0.31799 -0.49215 -0.56579 -0.54238 -0.46438 -0.37718 -0.30763 -0.25489 -0.19708 -0.10996
0.00064 0.07212 0.09538 0.10985 0.12699 0.15074 0.18367 0.22874 0.28988 0.37163 0.47575 0.59099 0.68112 0.70201 0.65251 0.58320 0.53958 0.51651 0.46143 0.32250 0.08370 -0.25419 -0.64258 -0.94588 -1.06368 -1.01644 -0.87966 -0.72489 -0.59449 -0.49058 -0.38038 -0.21653
0.00091 0.10338 0.13672 0.15722 0.18124 0.21436 0.26014 0.32273 0.40796 0.52386 0.67846 0.86722 1.04338 1.11192 1.02348 0.86788 0.76463 0.69722 0.56411 0.32091 -0.02610 -0.47935 -0.97397 -1.33640 -1.45757 -1.37876 -1.19730 -0.99690 -0.82374 -0.68218 -0.53476 -0.31341
0.00113 0.12932 0.17104 0.19625 0.22534 0.26514 0.31978 0.39394 0.49431 0.63066 0.81592 1.05896 1.33500 1.54075 1.53110 1.28371 0.95737 0.69528 0.46585 0.16347 -0.25707 -0.77389 -1.28527 -1.62761 -1.71510 -1.59769 -1.38207 -1.15712 -0.96586 -0.80950 -0.64648 -0.39201
0.00129 0.14883 0.19687 0.22527 0.25738 0.30083 0.35984 0.43887 0.54404 0.68398 0.87034 1.11453 1.41018 1.69084 1.81031 1.64937 1.25691 0.79323 0.35347 -0.07987 -0.55117 -1.05123 -1.49244 -1.75501 -1.78799 -1.64442 -1.42219 -1.20113 -1.01791 -0.86893 -0.70981 -0.44555
0.00138 0.16126 0.21334 0.24336 0.27648 0.32066 0.37981 0.45764 0.55875 0.68910 0.85582 1.06516 1.31374 1.56503 1.72171 1.66029 1.34392 0.86065 0.32614 -0.19934 -0.69745 -1.14373 -1.48498 -1.65992 -1.65454 -1.52161 -1.33650 -1.15440 -1.00068 -0.87248 -0.72891 -0.47204
0.00141 0.16638 0.22016 0.25034 0.28270 0.32515 0.38106 0.45311 0.54417 0.65737 0.79539 0.95871 1.14094 1.31847 1.43564 1.40944 1.18434 0.78589 0.29683 -0.20383 -0.66185 -1.03709 -1.29535 -1.41449 -1.40522 -1.31126 -1.18176 -1.05113 -0.93590 -0.83430 -0.71155 -0.47310
0.00137 0.16439 0.21761 0.24666 0.27688 0.31577 0.36611 0.42955 0.50746 0.60071 0.70894 0.82903 0.95248 1.06123 1.12247 1.08970 0.92384 0.62587 0.24221 -0.16355 -0.53508 -0.83204 -1.03186 -1.12990 -1.14093 -1.09258 -1.01347 -0.92606 -0.84386 -0.76692 -0.66574 -0.45213
0.00128 0.15576 0.20633 0.23324 0.26034 0.29453 0.33797 0.39151 0.45540 0.52908 0.61051 0.69515 0.77451 0.83455 0.85470 0.80981 0.67907 0.46086 0.18007 -0.12174 -0.40234 -0.63029 -0.78963 -0.87849 -0.90631 -0.88950 -0.84602 -0.79132 -0.73575 -0.67990 -0.59889 -0.41346
0.00114 0.14117 0.18727 0.21128 0.23470 0.26361 0.29965 0.34311 0.39356 0.44969 0.50886 0.56645 0.61518 0.64467 0.64180 0.59277 0.48771 0.32709 0.12553 -0.09171 -0.29708 -0.46882 -0.59496 -0.67297 -0.70775 -0.70897 -0.68807 -0.65569 -0.61963 -0.58042 -0.51724 -0.36138
0.00097 0.12145 0.16154 0.18217 0.20164 0.22512 0.25383 0.28771 0.32604 0.36726 0.40879 0.44660 0.47500 0.48670 0.47342 0.42754 0.34464 0.22648 0.08244 -0.07206 -0.21979 -0.34638 -0.44308 -0.50710 -0.54070 -0.54960 -0.54117 -0.52276 -0.50008 -0.47341 -0.42565 -0.29973
0.00076 0.09745 0.13040 0.14737 0.16286 0.18101 0.20273 0.22786 0.25560 0.28453 0.31244 0.33615 0.35153 0.35366 0.33745 0.29874 0.23572 0.15037 0.04897 -0.05886 -0.16238 -0.25229 -0.32249 -0.37064 -0.39778 -0.40741 -0.40439 -0.39379 -0.37972 -0.36224 -0.32788 -0.23183
0.00054 0.07032 0.09535 0.10849 0.12002 0.13302 0.14820 0.16542 0.18402 0.20288 0.22033 0.23411 0.24140 0.23910 0.22418 0.19447 0.14940 0.09070 0.02257 -0.04896 -0.11725 -0.17646 -0.22269 -0.25436 -0.27214 -0.27836 -0.27629 -0.26942 -0.26061 -0.24988 -0.22741 -0.16086
0.00032 0.04212 0.05871 0.06766 0.07511 0.08307 0.09211 0.10217 0.11283 0.12335 0.13269 0.13943 0.14191 0.13836 0.12718 0.10737 0.07892 0.04314 0.00269 -0.03887 -0.07772 -0.11057 -0.13533 -0.15131 -0.15917 -0.16054 -0.15754 -0.15240 -0.14696 -0.14135 -0.12950 -0.09135
0.00012 0.01738 0.02491 0.02895 0.03207 0.03519 0.03862 0.04238 0.04629 0.05003 0.05315 0.05506 0.05505 0.05243 0.04661 0.03730 0.02468 0.00948 -0.00704 -0.02329 -0.03770 -0.04901 -0.05660 -0.06045 -0.06113 -0.05954 -0.05671 -0.05360 -0.05106 -0.04932 -0.04602 -0.03258
