0.00000 0.00007 -0.00008 -0.00049 -0.00104 -0.00156 -0.00194 -0.00215 -0.00223 -0.00219 -0.00205 -0.00185 -0.00160 -0.00129 -0.00093 -0.00059 -0.00034 -0.00018 0.00001 0.00025 0.00045 0.00052 0.00050 0.00044 0.00037 0.00032 0.00026 0.00021 0.00015 0.00010 0.00005 0.00001
0.00000 0.03059 0.07991 0.12263 0.14538 0.14913 0.15379 0.19005 0.28353 0.44228 0.65442 0.89254 1.12027 1.29814 1.39068 1.37793 1.26343 1.07591 0.85608 0.63693 0.43878 0.27385 0.14672 0.05494 -0.00676 -0.04313 -0.05857 -0.05803 -0.04697 -0.03091 -0.01545 -0.00585
0.00000 -0.02405 -0.05087 -0.07788 -0.10095 -0.10493 -0.06314 0.05080 0.24681 0.51381 0.82736 1.15630 1.46505 1.71650 1.87532 1.91599 1.82996 1.63385 1.36876 1.07572 0.78146 0.50921 0.28106 0.10893 -0.00722 -0.07446 -0.10292 -0.10363 -0.08679 -0.06106 -0.03401 -0.01293
0.00000 -0.08653 -0.19171 -0.27668 -0.31669 -0.28794 -0.17153 0.03479 0.31145 0.63013 0.96671 1.30094 1.60900 1.86253 2.03261 2.09352 2.02873 1.84256 1.57267 1.26857 0.95824 0.65554 0.38243 0.16348 0.01088 -0.07857 -0.11770 -0.12200 -0.10491 -0.07646 -0.04456 -0.01721
0.00000 -0.08518 -0.18311 -0.24740 -0.25090 -0.17457 -0.01434 0.20962 0.46409 0.72663 0.99126 1.25583 1.50832 1.72670 1.88802 1.96830 1.94273 1.79811 1.55641 1.26834 0.97259 0.68325 0.41503 0.19173 0.03128 -0.06478 -0.10845 -0.11630 -0.10252 -0.07688 -0.04637 -0.01849
0.00000 -0.03104 -0.06088 -0.06837 -0.03701 0.04595 0.17564 0.32415 0.46776 0.60778 0.75978 0.93085 1.10990 1.27665 1.41459 1.50768 1.53205 1.46378 1.30303 1.08219 0.83894 0.59495 0.36657 0.17465 0.03564 -0.04817 -0.08711 -0.09582 -0.08649 -0.06685 -0.04195 -0.01765
0.00000 0.01089 0.03173 0.05768 0.09666 0.15497 0.21897 0.26534 0.29322 0.32544 0.38406 0.47203 0.57580 0.67928 0.77329 0.85182 0.90165 0.90298 0.84227 0.72500 0.57078 0.40232 0.24180 0.10917 0.01593 -0.03858 -0.06339 -0.06912 -0.06362 -0.05109 -0.03387 -0.01547
0.00000 0.01502 0.04230 0.07063 0.10343 0.13490 0.14188 0.11180 0.06032 0.01415 -0.00965 -0.00867 0.01192 0.04553 0.08747 0.13654 0.19085 0.24197 0.27139 0.26084 0.20863 0.13383 0.06163 0.00828 -0.02300 -0.03735 -0.04185 -0.04163 -0.03877 -0.03315 -0.02406 -0.01252
0.00000 0.00016 0.01343 0.03553 0.06193 0.07080 0.03609 -0.04437 -0.15192 -0.26604 -0.37299 -0.46316 -0.52783 -0.56302 -0.57015 -0.54862 -0.49362 -0.40621 -0.30765 -0.23038 -0.18735 -0.16257 -0.13562 -0.10122 -0.06625 -0.03876 -0.02229 -0.01556 -0.01465 -0.01518 -0.01375 -0.00914
0.00000 -0.00865 -0.00388 0.01358 0.02917 0.01385 -0.05118 -0.16197 -0.30517 -0.46988 -0.64624 -0.81764 -0.96194 -1.06319 -1.11632 -1.11883 -1.06493 -0.95565 -0.81392 -0.67358 -0.54763 -0.42597 -0.30270 -0.18786 -0.09594 -0.03454 -0.00209 0.00898 0.00774 0.00179 -0.00362 -0.00558
0.00000 -0.00510 0.00087 0.01279 0.01235 -0.02357 -0.10354 -0.22335 -0.37909 -0.57066 -0.79257 -1.02440 -1.23502 -1.39632 -1.49297 -1.51946 -1.47235 -1.35563 -1.19014 -1.00277 -0.80518 -0.59997 -0.40005 -0.22752 -0.09910 -0.01873 0.02091 0.03249 0.02832 0.01754 0.00611 -0.00197
0.00000 0.00403 0.01495 0.02058 0.00622 -0.04035 -0.12093 -0.23402 -0.38309 -0.57463 -0.80761 -1.06537 -1.31641 -1.52413 -1.66106 -1.71453 -1.68112 -1.56598 -1.38609 -1.16262 -0.91171 -0.65164 -0.40964 -0.21226 -0.07327 0.00892 0.04654 0.05498 0.04726 0.03219 0.01543 0.00164
0.00000 0.01249 0.02805 0.02902 0.00682 -0.04178 -0.11505 -0.21291 -0.34121 -0.50855 -0.71850 -0.96217 -1.21476 -1.43983 -1.60215 -1.67930 -1.66267 -1.55526 -1.37121 -1.13123 -0.85929 -0.58534 -0.34217 -0.15368 -0.02765 0.04280 0.07226 0.07575 0.06460 0.04586 0.02433 0.00518
0.00000 0.01831 0.03714 0.03579 0.01079 -0.03548 -0.09917 -0.18002 -0.28330 -0.41678 -0.58528 -0.78531 -1.00125 -1.20501 -1.36300 -1.44738 -1.44306 -1.34871 -1.17624 -0.94771 -0.69248 -0.44439 -0.23377 -0.07784 0.02181 0.07479 0.09475 0.09377 0.08001 0.05831 0.03256 0.00850
0.00000 0.02174 0.04263 0.04056 0.01529 -0.02763 -0.08297 -0.14965 -0.23146 -0.33429 -0.46205 -0.61316 -0.77790 -0.93708 -1.06476 -1.13569 -1.13291 -1.05213 -0.90296 -0.70698 -0.49346 -0.29310 -0.12921 -0.01189 0.06104 0.09875 0.11166 0.10795 0.09264 0.06871 0.03949 0.01131
0.00000 0.02349 0.04550 0.04336 0.01855 -0.02183 -0.07173 -0.12939 -0.19742 -0.28019 -0.38040 -0.49661 -0.62165 -0.74142 -0.83642 -0.88672 -0.87789 -0.80572 -0.67851 -0.51574 -0.34328 -0.18591 -0.06009 0.02879 0.08396 0.11261 0.12195 0.11716 0.10114 0.07580 0.04422 0.01323
0.00000 0.02403 0.04638 0.04427 0.01970 -0.01976 -0.06781 -0.12241 -0.18578 -0.26171 -0.35240 -0.45634 -0.56698 -0.67178 -0.75347 -0.79440 -0.78186 -0.71234 -0.59385 -0.44480 -0.28905 -0.14853 -0.03692 0.04191 0.09116 0.11702 0.12541 0.12039 0.10418 0.07835 0.04592 0.01392
0.00000 0.02349 0.04548 0.04333 0.01850 -0.02190 -0.07182 -0.12951 -0.19757 -0.28039 -0.38064 -0.49692 -0.62202 -0.74184 -0.83689 -0.88720 -0.87835 -0.80615 -0.67887 -0.51604 -0.34350 -0.18606 -0.06018 0.02875 0.08395 0.11262 0.12199 0.11720 0.10118 0.07583 0.04425 0.01324
0.00000 0.02174 0.04261 0.04050 0.01520 -0.02776 -0.08314 -0.14988 -0.23174 -0.33465 -0.46250 -0.61372 -0.77858 -0.93783 -1.06555 -1.13647 -1.13365 -1.05279 -0.90353 -0.70744 -0.49382 -0.29335 -0.12937 -0.01197 0.06102 0.09877 0.11171 0.10802 0.09270 0.06877 0.03953 0.01133
0.00000 0.01830 0.03712 0.03572 0.01067 -0.03565 -0.09940 -0.18032 -0.28367 -0.41726 -0.58587 -0.78602 -1.00206 -1.20586 -1.36382 -1.44814 -1.44372 -1.34928 -1.17672 -0.94811 -0.69281 -0.44464 -0.23394 -0.07793 0.02178 0.07480 0.09480 0.09384 0.08008 0.05837 0.03260 0.00852
0.00000 0.01249 0.02803 0.02895 0.00669 -0.04197 -0.11530 -0.21323 -0.34160 -0.50904 -0.71909 -0.96283 -1.21543 -1.44044 -1.60266 -1.67967 -1.66293 -1.55544 -1.37134 -1.13135 -0.85941 -0.58546 -0.34225 -0.15374 -0.02767 0.04281 0.07229 0.07580 0.06465 0.04591 0.02436 0.00520
0.00000 0.00403 0.01495 0.02054 0.00611 -0.04052 -0.12116 -0.23430 -0.38342 -0.57500 -0.80801 -1.06574 -1.31669 -1.52426 -1.66103 -1.71435 -1.68084 -1.56563 -1.38574 -1.16233 -0.91151 -0.65152 -0.40958 -0.21224 -0.07326 0.00894 0.04656 0.05500 0.04729 0.03222 0.01545 0.00165
0.00000 -0.00510 0.00086 0.01275 0.01227 -0.02370 -0.10370 -0.22352 -0.37925 -0.57079 -0.79263 -1.02434 -1.23480 -1.39592 -1.49241 -1.51877 -1.47159 -1.35482 -1.18937 -1.00210 -0.80467 -0.59962 -0.39982 -0.22739 -0.09904 -0.01870 0.02093 0.03250 0.02833 0.01755 0.00611 -0.00197
0.00000 -0.00869 -0.00396 0.01351 0.02911 0.01379 -0.05122 -0.16197 -0.30511 -0.46971 -0.64592 -0.81714 -0.96125 -1.06232 -1.11532 -1.11775 -1.06380 -0.95454 -0.81287 -0.67267 -0.54690 -0.42545 -0.30235 -0.18765 -0.09583 -0.03450 -0.00208 0.00898 0.00773 0.00179 -0.00362 -0.00559
0.00000 0.00007 0.01327 0.03538 0.06186 0.07082 0.03620 -0.04416 -0.15160 -0.26556 -0.37232 -0.46229 -0.52676 -0.56180 -0.56884 -0.54727 -0.49227 -0.40492 -0.30649 -0.22941 -0.18658 -0.16201 -0.13523 -0.10099 -0.06613 -0.03872 -0.02229 -0.01558 -0.01467 -0.01520 -0.01376 -0.00915
0.00000 0.01493 0.04213 0.07046 0.10337 0.13500 0.14214 0.11221 0.06088 0.01489 -0.00872 -0.00755 0.01320 0.04692 0.08891 0.13799 0.19225 0.24325 0.27248 0.26171 0.20928 0.13430 0.06196 0.00847 -0.02290 -0.03732 -0.04187 -0.04166 -0.03881 -0.03318 -0.02407 -0.01252
0.00000 0.01088 0.03173 0.05771 0.09678 0.15522 0.21938 0.26593 0.29398 0.32636 0.38514 0.47325 0.57713 0.68067 0.77469 0.85318 0.90290 0.90405 0.84310 0.72560 0.57120 0.40262 0.24199 0.10928 0.01598 -0.03858 -0.06342 -0.06917 -0.06366 -0.05113 -0.03389 -0.01548
0.00000 -0.03092 -0.06061 -0.06799 -0.03658 0.04643 0.17618 0.32480 0.46856 0.60874 0.76087 0.93204 1.11114 1.27789 1.41579 1.50877 1.53296 1.46444 1.30344 1.08242 0.83907 0.59504 0.36662 0.17467 0.03563 -0.04820 -0.08715 -0.09587 -0.08653 -0.06688 -0.04197 -0.01765
0.00000 -0.08499 -0.18268 -0.24681 -0.25027 -0.17395 -0.01376 0.21021 0.46474 0.72738 0.99210 1.25673 1.50922 1.72755 1.88876 1.96887 1.94307 1.79823 1.55637 1.26824 0.97251 0.68319 0.41497 0.19167 0.03122 -0.06484 -0.10851 -0.11636 -0.10257 -0.07691 -0.04639 -0.01850
0.00000 -0.08638 -0.19138 -0.27620 -0.31613 -0.28737 -0.17100 0.03528 0.31192 0.63060 0.96718 1.30138 1.60937 1.86280 2.03274 2.09347 2.02852 1.84224 1.57234 1.26831 0.95806 0.65542 0.38234 0.16340 0.01081 -0.07863 -0.11776 -0.12205 -0.10495 -0.07649 -0.04457 -0.01722
0.00000 -0.02404 -0.05079 -0.07771 -0.10068 -0.10456 -0.06271 0.05123 0.24720 0.51413 0.82760 1.15644 1.46506 1.71637 1.87505 1.91560 1.82951 1.63340 1.36841 1.07549 0.78132 0.50912 0.28100 0.10889 -0.00725 -0.07449 -0.10295 -0.10366 -0.08683 -0.06108 -0.03403 -0.01294
0.00000 0.03053 0.07982 0.12257 0.14541 0.14929 0.15407 0.19038 0.28386 0.44255 0.65459 0.89258 1.12017 1.29791 1.39035 1.37755 1.26306 1.07561 0.85589 0.63683 0.43873 0.27383 0.14672 0.05495 -0.00673 -0.04311 -0.05856 -0.05803 -0.04698 -0.03092 -0.01546 -0.00585
